x,y,t,p
0,0,17500,0
0,1,17500,0
0,2,17500,0
0,3,17500,0
0,4,17500,0
0,5,17500,0
0,6,17500,0
0,7,17500,0
0,8,17500,0
0,9,17500,0
0,10,17500,0
0,11,17500,0
0,12,17500,0
0,13,17500,0
0,14,17500,0
0,15,17500,0
0,16,17500,0
0,17,17500,0
0,18,17500,0
0,19,17500,0
0,20,17500,0
0,21,17500,0
0,22,17500,0
0,23,17500,0
0,24,17500,0
0,25,17500,0
0,26,17500,0
0,27,17500,0
0,28,17500,0
0,29,17500,0
0,30,17500,0
0,31,17500,0
0,32,17500,0
0,33,17500,0
0,34,17500,0
0,35,17500,0
0,36,17500,0
0,37,17500,0
0,38,17500,0
0,39,17500,0
0,40,17500,0
0,41,17500,0
0,42,17500,0
0,43,17500,0
0,44,17500,0
0,45,17500,0
0,46,17500,0
0,47,17500,0
0,48,17500,0
0,49,17500,0
0,50,17500,0
0,51,17500,0
0,52,17500,0
0,53,17500,0
0,54,17500,0
0,55,17500,0
0,56,17500,0
0,57,17500,0
0,58,17500,0
0,59,17500,0
0,60,17500,0
0,61,17500,0
0,62,17500,0
0,63,17500,0
0,64,17500,0
0,65,17500,0
0,66,17500,0
0,67,17500,0
0,68,17500,0
0,69,17500,0
0,70,17500,0
0,71,17500,0
0,72,17500,0
0,73,17500,0
0,74,17500,0
0,75,17500,0
0,76,17500,0
0,77,17500,0
0,78,17500,0
0,79,17500,0
0,80,17500,0
0,81,17500,0
0,82,17500,0
0,83,17500,0
0,84,17500,0
0,85,17500,0
0,86,17500,0
0,87,17500,0
0,88,17500,0
0,89,17500,0
0,90,17500,0
0,91,17500,0
0,92,17500,0
0,93,17500,0
0,94,17500,0
0,95,17500,0
0,96,17500,0
0,97,17500,0
0,98,17500,0
0,99,17500,0
0,100,17500,0
1,0,17500,-10.6659
1,1,17500,-10.6659
1,2,17500,-6.83917
1,3,17500,-5.07611
1,4,17500,-3.84609
1,5,17500,-3.03195
1,6,17500,-2.45785
1,7,17500,-2.04046
1,8,17500,-1.72679
1,9,17500,-1.48458
1,10,17500,-1.2931
1,11,17500,-1.13869
1,12,17500,-1.01206
1,13,17500,-0.906741
1,14,17500,-0.818068
1,15,17500,-0.742633
1,16,17500,-0.677881
1,17,17500,-0.621859
1,18,17500,-0.573054
1,19,17500,-0.530273
1,20,17500,-0.492561
1,21,17500,-0.459148
1,22,17500,-0.429403
1,23,17500,-0.402806
1,24,17500,-0.378922
1,25,17500,-0.357387
1,26,17500,-0.33789
1,27,17500,-0.320166
1,28,17500,-0.30399
1,29,17500,-0.289163
1,30,17500,-0.275515
1,31,17500,-0.262895
1,32,17500,-0.251171
1,33,17500,-0.240225
1,34,17500,-0.229954
1,35,17500,-0.220264
1,36,17500,-0.21107
1,37,17500,-0.202298
1,38,17500,-0.193877
1,39,17500,-0.185744
1,40,17500,-0.177842
1,41,17500,-0.170117
1,42,17500,-0.162518
1,43,17500,-0.155
1,44,17500,-0.147518
1,45,17500,-0.14003
1,46,17500,-0.132497
1,47,17500,-0.12488
1,48,17500,-0.117143
1,49,17500,-0.109249
1,50,17500,-0.101163
1,51,17500,-0.0928501
1,52,17500,-0.0842743
1,53,17500,-0.0754003
1,54,17500,-0.066192
1,55,17500,-0.0566125
1,56,17500,-0.0466235
1,57,17500,-0.0361853
1,58,17500,-0.0252562
1,59,17500,-0.013792
1,60,17500,-0.00174605
1,61,17500,0.0109319
1,62,17500,0.0242959
1,63,17500,0.0384045
1,64,17500,0.0533216
1,65,17500,0.0691173
1,66,17500,0.0858688
1,67,17500,0.103662
1,68,17500,0.122592
1,69,17500,0.142765
1,70,17500,0.164303
1,71,17500,0.187342
1,72,17500,0.212037
1,73,17500,0.238565
1,74,17500,0.267132
1,75,17500,0.297974
1,76,17500,0.331367
1,77,17500,0.367634
1,78,17500,0.40716
1,79,17500,0.450398
1,80,17500,0.497896
1,81,17500,0.550314
1,82,17500,0.608462
1,83,17500,0.673338
1,84,17500,0.746192
1,85,17500,0.828605
1,86,17500,0.92261
1,87,17500,1.03086
1,88,17500,1.15689
1,89,17500,1.3055
1,90,17500,1.48335
1,91,17500,1.69993
1,92,17500,1.96913
1,93,17500,2.31191
1,94,17500,2.76067
1,95,17500,3.36837
1,96,17500,4.21653
1,97,17500,5.48032
1,98,17500,7.2552
1,99,17500,11.0882
1,100,17500,11.0882
2,0,17500,-6.9824
2,1,17500,-6.9824
2,2,17500,-5.01461
2,3,17500,-3.99982
2,4,17500,-3.17472
2,5,17500,-2.58062
2,6,17500,-2.13188
2,7,17500,-1.79005
2,8,17500,-1.52456
2,9,17500,-1.31493
2,10,17500,-1.14675
2,11,17500,-1.00982
2,12,17500,-0.89685
2,13,17500,-0.802538
2,14,17500,-0.722965
2,15,17500,-0.655191
2,16,17500,-0.59698
2,17,17500,-0.546606
2,18,17500,-0.502719
2,19,17500,-0.464248
2,20,17500,-0.430337
2,21,17500,-0.400289
2,22,17500,-0.373537
2,23,17500,-0.349611
2,24,17500,-0.32812
2,25,17500,-0.308735
2,26,17500,-0.291177
2,27,17500,-0.27521
2,28,17500,-0.26063
2,29,17500,-0.24726
2,30,17500,-0.234949
2,31,17500,-0.223562
2,32,17500,-0.212982
2,33,17500,-0.203106
2,34,17500,-0.19384
2,35,17500,-0.185103
2,36,17500,-0.176822
2,37,17500,-0.168928
2,38,17500,-0.161362
2,39,17500,-0.154068
2,40,17500,-0.146995
2,41,17500,-0.140098
2,42,17500,-0.133332
2,43,17500,-0.126657
2,44,17500,-0.120035
2,45,17500,-0.113429
2,46,17500,-0.106806
2,47,17500,-0.100132
2,48,17500,-0.0933755
2,49,17500,-0.0865051
2,50,17500,-0.0794902
2,51,17500,-0.0723002
2,52,17500,-0.0649049
2,53,17500,-0.0572733
2,54,17500,-0.0493744
2,55,17500,-0.041176
2,56,17500,-0.032645
2,57,17500,-0.0237468
2,58,17500,-0.0144453
2,59,17500,-0.00470188
2,60,17500,0.00552419
2,61,17500,0.0162768
2,62,17500,0.0276033
2,63,17500,0.0395552
2,64,17500,0.0521885
2,65,17500,0.065565
2,66,17500,0.0797529
2,67,17500,0.094828
2,68,17500,0.110875
2,69,17500,0.127989
2,70,17500,0.146276
2,71,17500,0.165859
2,72,17500,0.186876
2,73,17500,0.209486
2,74,17500,0.233872
2,75,17500,0.260247
2,76,17500,0.288859
2,77,17500,0.319998
2,78,17500,0.35401
2,79,17500,0.391304
2,80,17500,0.432373
2,81,17500,0.477813
2,82,17500,0.52835
2,83,17500,0.584881
2,84,17500,0.648524
2,85,17500,0.720685
2,86,17500,0.803159
2,87,17500,0.898264
2,88,17500,1.00904
2,89,17500,1.13951
2,90,17500,1.29512
2,91,17500,1.48334
2,92,17500,1.7145
2,93,17500,2.00322
2,94,17500,2.3701
2,95,17500,2.8459
2,96,17500,3.46827
2,97,17500,4.32474
2,98,17500,5.3641
2,99,17500,7.37536
2,100,17500,7.37536
3,0,17500,-5.847
3,1,17500,-5.847
3,2,17500,-4.71919
3,3,17500,-3.96126
3,4,17500,-3.2774
3,5,17500,-2.73968
3,6,17500,-2.30924
3,7,17500,-1.96687
3,8,17500,-1.69235
3,9,17500,-1.47035
3,10,17500,-1.289
3,11,17500,-1.13933
3,12,17500,-1.01455
3,13,17500,-0.909548
3,14,17500,-0.820403
3,15,17500,-0.744107
3,16,17500,-0.678325
3,17,17500,-0.621222
3,18,17500,-0.571344
3,19,17500,-0.527528
3,20,17500,-0.488834
3,21,17500,-0.454494
3,22,17500,-0.423877
3,23,17500,-0.396459
3,24,17500,-0.371801
3,25,17500,-0.349534
3,26,17500,-0.329346
3,27,17500,-0.310969
3,28,17500,-0.294173
3,29,17500,-0.27876
3,30,17500,-0.264555
3,31,17500,-0.251409
3,32,17500,-0.239188
3,33,17500,-0.227776
3,34,17500,-0.217066
3,35,17500,-0.206967
3,36,17500,-0.197394
3,37,17500,-0.188272
3,38,17500,-0.179533
3,39,17500,-0.171114
3,40,17500,-0.162957
3,41,17500,-0.15501
3,42,17500,-0.147224
3,43,17500,-0.139552
3,44,17500,-0.131953
3,45,17500,-0.124385
3,46,17500,-0.116809
3,47,17500,-0.109188
3,48,17500,-0.101485
3,49,17500,-0.0936667
3,50,17500,-0.0856971
3,51,17500,-0.0775421
3,52,17500,-0.0691674
3,53,17500,-0.0605382
3,54,17500,-0.0516191
3,55,17500,-0.0423741
3,56,17500,-0.0327656
3,57,17500,-0.0227545
3,58,17500,-0.0122998
3,59,17500,-0.00135804
3,60,17500,0.0101171
3,61,17500,0.0221753
3,62,17500,0.0348702
3,63,17500,0.0482601
3,64,17500,0.0624087
3,65,17500,0.0773859
3,66,17500,0.0932692
3,67,17500,0.110144
3,68,17500,0.128108
3,69,17500,0.147266
3,70,17500,0.167742
3,71,17500,0.189673
3,72,17500,0.213215
3,73,17500,0.238549
3,74,17500,0.265881
3,75,17500,0.295452
3,76,17500,0.32754
3,77,17500,0.362474
3,78,17500,0.400639
3,79,17500,0.442495
3,80,17500,0.488588
3,81,17500,0.53958
3,82,17500,0.596272
3,83,17500,0.659646
3,84,17500,0.730915
3,85,17500,0.811589
3,86,17500,0.90357
3,87,17500,1.00928
3,88,17500,1.13181
3,89,17500,1.27519
3,90,17500,1.44467
3,91,17500,1.64716
3,92,17500,1.89175
3,93,17500,2.19045
3,94,17500,2.55862
3,95,17500,3.0165
3,96,17500,3.58256
3,97,17500,4.29671
3,98,17500,5.08019
3,99,17500,6.2481
3,100,17500,6.2481
4,0,17500,-4.60089
4,1,17500,-4.60089
4,2,17500,-4.01315
4,3,17500,-3.52112
4,4,17500,-3.03291
4,5,17500,-2.61374
4,6,17500,-2.25625
4,7,17500,-1.95717
4,8,17500,-1.7077
4,9,17500,-1.4996
4,10,17500,-1.32539
4,11,17500,-1.17879
4,12,17500,-1.0547
4,13,17500,-0.948994
4,14,17500,-0.858367
4,15,17500,-0.780186
4,16,17500,-0.71234
4,17,17500,-0.653129
4,18,17500,-0.601179
4,19,17500,-0.555368
4,20,17500,-0.514778
4,21,17500,-0.478653
4,22,17500,-0.446363
4,23,17500,-0.41738
4,24,17500,-0.391261
4,25,17500,-0.367632
4,26,17500,-0.34617
4,27,17500,-0.326603
4,28,17500,-0.308693
4,29,17500,-0.292235
4,30,17500,-0.27705
4,31,17500,-0.262982
4,32,17500,-0.249891
4,33,17500,-0.237656
4,34,17500,-0.226169
4,35,17500,-0.215331
4,36,17500,-0.205056
4,37,17500,-0.195265
4,38,17500,-0.185886
4,39,17500,-0.176854
4,40,17500,-0.168109
4,41,17500,-0.159596
4,42,17500,-0.151263
4,43,17500,-0.143063
4,44,17500,-0.134951
4,45,17500,-0.126883
4,46,17500,-0.11882
4,47,17500,-0.110722
4,48,17500,-0.102552
4,49,17500,-0.0942718
4,50,17500,-0.0858466
4,51,17500,-0.0772397
4,52,17500,-0.0684153
4,53,17500,-0.059337
4,54,17500,-0.0499678
4,55,17500,-0.0402698
4,56,17500,-0.0302037
4,57,17500,-0.0197287
4,58,17500,-0.00880162
4,59,17500,0.00262294
4,60,17500,0.0145935
4,61,17500,0.0271621
4,62,17500,0.0403849
4,63,17500,0.054323
4,64,17500,0.0690429
4,65,17500,0.0846178
4,66,17500,0.101129
4,67,17500,0.118665
4,68,17500,0.137327
4,69,17500,0.157227
4,70,17500,0.178492
4,71,17500,0.201263
4,72,17500,0.225705
4,73,17500,0.252003
4,74,17500,0.28037
4,75,17500,0.311054
4,76,17500,0.34434
4,77,17500,0.380564
4,78,17500,0.420116
4,79,17500,0.463461
4,80,17500,0.511146
4,81,17500,0.563831
4,82,17500,0.622303
4,83,17500,0.687518
4,84,17500,0.760641
4,85,17500,0.843096
4,86,17500,0.936644
4,87,17500,1.04346
4,88,17500,1.16627
4,89,17500,1.30844
4,90,17500,1.4742
4,91,17500,1.66875
4,92,17500,1.89845
4,93,17500,2.17085
4,94,17500,2.49419
4,95,17500,2.87723
4,96,17500,3.32264
4,97,17500,3.83842
4,98,17500,4.35488
4,99,17500,4.97762
4,100,17500,4.97762
5,0,17500,-3.74461
5,1,17500,-3.74461
5,2,17500,-3.45777
5,3,17500,-3.14112
5,4,17500,-2.79649
5,5,17500,-2.47426
5,6,17500,-2.18274
5,7,17500,-1.9269
5,8,17500,-1.70527
5,9,17500,-1.51463
5,10,17500,-1.35098
5,11,17500,-1.21045
5,12,17500,-1.08947
5,13,17500,-0.98498
5,14,17500,-0.89437
5,15,17500,-0.815456
5,16,17500,-0.746425
5,17,17500,-0.685773
5,18,17500,-0.632249
5,19,17500,-0.584818
5,20,17500,-0.542612
5,21,17500,-0.504905
5,22,17500,-0.471089
5,23,17500,-0.440645
5,24,17500,-0.413137
5,25,17500,-0.38819
5,26,17500,-0.365481
5,27,17500,-0.344735
5,28,17500,-0.32571
5,29,17500,-0.308198
5,30,17500,-0.292016
5,31,17500,-0.277003
5,32,17500,-0.263016
5,33,17500,-0.249929
5,34,17500,-0.23763
5,35,17500,-0.226019
5,36,17500,-0.215004
5,37,17500,-0.204504
5,38,17500,-0.194444
5,39,17500,-0.184757
5,40,17500,-0.175379
5,41,17500,-0.166253
5,42,17500,-0.157325
5,43,17500,-0.148546
5,44,17500,-0.139868
5,45,17500,-0.131246
5,46,17500,-0.122639
5,47,17500,-0.114004
5,48,17500,-0.105303
5,49,17500,-0.0964975
5,50,17500,-0.0875485
5,51,17500,-0.0784186
5,52,17500,-0.0690701
5,53,17500,-0.0594649
5,54,17500,-0.0495641
5,55,17500,-0.039328
5,56,17500,-0.0287155
5,57,17500,-0.0176837
5,58,17500,-0.00618746
5,59,17500,0.00582082
5,60,17500,0.0183919
5,61,17500,0.0315801
5,62,17500,0.0454442
5,63,17500,0.0600479
5,64,17500,0.0754605
5,65,17500,0.0917583
5,66,17500,0.109025
5,67,17500,0.127355
5,68,17500,0.14685
5,69,17500,0.167627
5,70,17500,0.189816
5,71,17500,0.213564
5,72,17500,0.239038
5,73,17500,0.266428
5,74,17500,0.29595
5,75,17500,0.327855
5,76,17500,0.362431
5,77,17500,0.400012
5,78,17500,0.440988
5,79,17500,0.485815
5,80,17500,0.535029
5,81,17500,0.589266
5,82,17500,0.649278
5,83,17500,0.715962
5,84,17500,0.790395
5,85,17500,0.873864
5,86,17500,0.967921
5,87,17500,1.07443
5,88,17500,1.19563
5,89,17500,1.33418
5,90,17500,1.49321
5,91,17500,1.6763
5,92,17500,1.88738
5,93,17500,2.13039
5,94,17500,2.40844
5,95,17500,2.72286
5,96,17500,3.06809
5,97,17500,3.43609
5,98,17500,3.77347
5,99,17500,4.08815
5,100,17500,4.08815
6,0,17500,-3.09852
6,1,17500,-3.09852
6,2,17500,-2.97392
6,3,17500,-2.77619
6,4,17500,-2.53984
6,5,17500,-2.29963
6,6,17500,-2.06947
6,7,17500,-1.85782
6,8,17500,-1.66742
6,9,17500,-1.49846
6,10,17500,-1.34965
6,11,17500,-1.21908
6,12,17500,-1.10463
6,13,17500,-1.00428
6,14,17500,-0.916138
6,15,17500,-0.83854
6,16,17500,-0.770032
6,17,17500,-0.709361
6,18,17500,-0.655455
6,19,17500,-0.607401
6,20,17500,-0.564418
6,21,17500,-0.525842
6,22,17500,-0.491105
6,23,17500,-0.459719
6,24,17500,-0.431266
6,25,17500,-0.405385
6,26,17500,-0.381764
6,27,17500,-0.36013
6,28,17500,-0.340247
6,29,17500,-0.321907
6,30,17500,-0.304928
6,31,17500,-0.289148
6,32,17500,-0.274425
6,33,17500,-0.260631
6,34,17500,-0.247651
6,35,17500,-0.235385
6,36,17500,-0.223739
6,37,17500,-0.21263
6,38,17500,-0.201982
6,39,17500,-0.191725
6,40,17500,-0.181795
6,41,17500,-0.172132
6,42,17500,-0.162682
6,43,17500,-0.153393
6,44,17500,-0.144216
6,45,17500,-0.135106
6,46,17500,-0.126017
6,47,17500,-0.116908
6,48,17500,-0.107739
6,49,17500,-0.0984684
6,50,17500,-0.0890576
6,51,17500,-0.0794673
6,52,17500,-0.0696585
6,53,17500,-0.0595918
6,54,17500,-0.049227
6,55,17500,-0.0385229
6,56,17500,-0.027437
6,57,17500,-0.0159249
6,58,17500,-0.00394022
6,59,17500,0.00856629
6,60,17500,0.0216469
6,61,17500,0.0353575
6,62,17500,0.0497586
6,63,17500,0.0649153
6,64,17500,0.0808988
6,65,17500,0.097787
6,66,17500,0.115666
6,67,17500,0.134629
6,68,17500,0.154783
6,69,17500,0.176244
6,70,17500,0.199143
6,71,17500,0.223629
6,72,17500,0.249868
6,73,17500,0.278048
6,74,17500,0.308385
6,75,17500,0.341123
6,76,17500,0.376546
6,77,17500,0.414975
6,78,17500,0.456787
6,79,17500,0.502413
6,80,17500,0.55236
6,81,17500,0.607214
6,82,17500,0.667663
6,83,17500,0.734511
6,84,17500,0.808699
6,85,17500,0.891329
6,86,17500,0.983684
6,87,17500,1.08725
6,88,17500,1.20373
6,89,17500,1.33501
6,90,17500,1.48317
6,91,17500,1.65029
6,92,17500,1.83823
6,93,17500,2.04821
6,94,17500,2.27986
6,95,17500,2.53018
6,96,17500,2.79022
6,97,17500,3.04612
6,98,17500,3.26102
6,99,17500,3.40705
6,100,17500,3.40705
7,0,17500,-2.61779
7,1,17500,-2.61779
7,2,17500,-2.57865
7,3,17500,-2.4581
7,4,17500,-2.29831
7,5,17500,-2.12176
7,6,17500,-1.94295
7,7,17500,-1.77098
7,8,17500,-1.61056
7,9,17500,-1.46384
7,10,17500,-1.3313
7,11,17500,-1.21247
7,12,17500,-1.1064
7,13,17500,-1.01192
7,14,17500,-0.927824
7,15,17500,-0.852929
7,16,17500,-0.786144
7,17,17500,-0.726487
7,18,17500,-0.673081
7,19,17500,-0.625156
7,20,17500,-0.582038
7,21,17500,-0.543141
7,22,17500,-0.507951
7,23,17500,-0.476025
7,24,17500,-0.446974
7,25,17500,-0.420459
7,26,17500,-0.396184
7,27,17500,-0.373889
7,28,17500,-0.353345
7,29,17500,-0.33435
7,30,17500,-0.316727
7,31,17500,-0.300317
7,32,17500,-0.284977
7,33,17500,-0.270582
7,34,17500,-0.257019
7,35,17500,-0.244184
7,36,17500,-0.231985
7,37,17500,-0.220338
7,38,17500,-0.209167
7,39,17500,-0.1984
7,40,17500,-0.187972
7,41,17500,-0.177824
7,42,17500,-0.167898
7,43,17500,-0.158144
7,44,17500,-0.14851
7,45,17500,-0.138949
7,46,17500,-0.129417
7,47,17500,-0.119871
7,48,17500,-0.110268
7,49,17500,-0.100568
7,50,17500,-0.0907294
7,51,17500,-0.0807128
7,52,17500,-0.070478
7,53,17500,-0.0599844
7,54,17500,-0.0491909
7,55,17500,-0.0380554
7,56,17500,-0.0265341
7,57,17500,-0.0145818
7,58,17500,-0.00215085
7,59,17500,0.0108089
7,60,17500,0.0243506
7,61,17500,0.0385314
7,62,17500,0.0534125
7,63,17500,0.06906
7,64,17500,0.0855459
7,65,17500,0.102949
7,66,17500,0.121354
7,67,17500,0.140858
7,68,17500,0.161564
7,69,17500,0.183589
7,70,17500,0.207064
7,71,17500,0.232134
7,72,17500,0.258961
7,73,17500,0.28773
7,74,17500,0.31865
7,75,17500,0.351955
7,76,17500,0.387914
7,77,17500,0.426833
7,78,17500,0.469061
7,79,17500,0.514998
7,80,17500,0.565103
7,81,17500,0.619901
7,82,17500,0.679996
7,83,17500,0.746079
7,84,17500,0.818936
7,85,17500,0.899461
7,86,17500,0.988652
7,87,17500,1.08761
7,88,17500,1.19752
7,89,17500,1.3196
7,90,17500,1.45497
7,91,17500,1.60455
7,92,17500,1.76871
7,93,17500,1.94681
7,94,17500,2.13652
7,95,17500,2.33284
7,96,17500,2.52622
7,97,17500,2.70215
7,98,17500,2.83667
7,99,17500,2.89205
7,100,17500,2.89205
8,0,17500,-2.24998
8,1,17500,-2.24998
8,2,17500,-2.25448
8,3,17500,-2.18352
8,4,17500,-2.07709
8,5,17500,-1.94888
8,6,17500,-1.8117
8,7,17500,-1.67391
8,8,17500,-1.54082
8,9,17500,-1.41548
8,10,17500,-1.2994
8,11,17500,-1.19309
8,12,17500,-1.09646
8,13,17500,-1.00902
8,14,17500,-0.930107
8,15,17500,-0.858988
8,16,17500,-0.794907
8,17,17500,-0.737138
8,18,17500,-0.685004
8,19,17500,-0.637887
8,20,17500,-0.595226
8,21,17500,-0.556523
8,22,17500,-0.521332
8,23,17500,-0.489259
8,24,17500,-0.459952
8,25,17500,-0.433103
8,26,17500,-0.408438
8,27,17500,-0.385713
8,28,17500,-0.364714
8,29,17500,-0.345246
8,30,17500,-0.32714
8,31,17500,-0.310243
8,32,17500,-0.294416
8,33,17500,-0.279536
8,34,17500,-0.265493
8,35,17500,-0.252184
8,36,17500,-0.239519
8,37,17500,-0.227414
8,38,17500,-0.215791
8,39,17500,-0.204581
8,40,17500,-0.193718
8,41,17500,-0.183142
8,42,17500,-0.172796
8,43,17500,-0.162627
8,44,17500,-0.152584
8,45,17500,-0.142621
8,46,17500,-0.132691
8,47,17500,-0.12275
8,48,17500,-0.112757
8,49,17500,-0.102668
8,50,17500,-0.0924439
8,51,17500,-0.0820426
8,52,17500,-0.0714237
8,53,17500,-0.060546
8,54,17500,-0.0493676
8,55,17500,-0.0378457
8,56,17500,-0.025936
8,57,17500,-0.0135925
8,58,17500,-0.000767193
8,59,17500,0.0125907
8,60,17500,0.026535
8,61,17500,0.0411228
8,62,17500,0.0564158
8,63,17500,0.0724801
8,64,17500,0.0893875
8,65,17500,0.107216
8,66,17500,0.126051
8,67,17500,0.145987
8,68,17500,0.167125
8,69,17500,0.189581
8,70,17500,0.213481
8,71,17500,0.238966
8,72,17500,0.266193
8,73,17500,0.295337
8,74,17500,0.326595
8,75,17500,0.360189
8,76,17500,0.396369
8,77,17500,0.435415
8,78,17500,0.477645
8,79,17500,0.523416
8,80,17500,0.573133
8,81,17500,0.627249
8,82,17500,0.686273
8,83,17500,0.750772
8,84,17500,0.821373
8,85,17500,0.898757
8,86,17500,0.983648
8,87,17500,1.07679
8,88,17500,1.17891
8,89,17500,1.29064
8,90,17500,1.41239
8,91,17500,1.5442
8,92,17500,1.68542
8,93,17500,1.83437
8,94,17500,1.98776
8,95,17500,2.14004
8,96,17500,2.28249
8,97,17500,2.40219
8,98,17500,2.4844
8,99,17500,2.49208
8,100,17500,2.49208
9,0,17500,-1.96265
9,1,17500,-1.96265
9,2,17500,-1.98859
9,3,17500,-1.94924
9,4,17500,-1.87956
9,5,17500,-1.78728
9,6,17500,-1.68293
9,7,17500,-1.5736
9,8,17500,-1.46436
9,9,17500,-1.35854
9,10,17500,-1.25816
9,11,17500,-1.16431
9,12,17500,-1.07745
9,13,17500,-0.997617
9,14,17500,-0.924573
9,15,17500,-0.857941
9,16,17500,-0.79726
9,17,17500,-0.742038
9,18,17500,-0.691783
9,19,17500,-0.646024
9,20,17500,-0.604315
9,21,17500,-0.566248
9,22,17500,-0.531448
9,23,17500,-0.499574
9,24,17500,-0.47032
9,25,17500,-0.443411
9,26,17500,-0.418598
9,27,17500,-0.39566
9,28,17500,-0.374396
9,29,17500,-0.354627
9,30,17500,-0.336191
9,31,17500,-0.318944
9,32,17500,-0.302754
9,33,17500,-0.287501
9,34,17500,-0.273079
9,35,17500,-0.259389
9,36,17500,-0.246342
9,37,17500,-0.233855
9,38,17500,-0.221852
9,39,17500,-0.210264
9,40,17500,-0.199027
9,41,17500,-0.18808
9,42,17500,-0.177366
9,43,17500,-0.166833
9,44,17500,-0.15643
9,45,17500,-0.14611
9,46,17500,-0.135826
9,47,17500,-0.125534
9,48,17500,-0.115191
9,49,17500,-0.104756
9,50,17500,-0.0941862
9,51,17500,-0.0834409
9,52,17500,-0.0724788
9,53,17500,-0.0612584
9,54,17500,-0.0497376
9,55,17500,-0.037873
9,56,17500,-0.0256203
9,57,17500,-0.0129331
9,58,17500,0.000236667
9,59,17500,0.0139399
9,60,17500,0.0282301
9,61,17500,0.0431645
9,62,17500,0.0588041
9,63,17500,0.0752144
9,64,17500,0.0924663
9,65,17500,0.110636
9,66,17500,0.129808
9,67,17500,0.150073
9,68,17500,0.171531
9,69,17500,0.194292
9,70,17500,0.218477
9,71,17500,0.244221
9,72,17500,0.27167
9,73,17500,0.30099
9,74,17500,0.332365
9,75,17500,0.365997
9,76,17500,0.402113
9,77,17500,0.440965
9,78,17500,0.482833
9,79,17500,0.528028
9,80,17500,0.576894
9,81,17500,0.629809
9,82,17500,0.687184
9,83,17500,0.749462
9,84,17500,0.817113
9,85,17500,0.890621
9,86,17500,0.970461
9,87,17500,1.05707
9,88,17500,1.15079
9,89,17500,1.25181
9,90,17500,1.36
9,91,17500,1.4748
9,92,17500,1.59499
9,93,17500,1.71836
9,94,17500,1.84138
9,95,17500,1.95871
9,96,17500,2.06297
9,97,17500,2.14354
9,98,17500,2.19189
9,99,17500,2.17497
9,100,17500,2.17497
10,0,17500,-1.73302
10,1,17500,-1.73302
10,2,17500,-1.76868
10,3,17500,-1.74942
10,4,17500,-1.70495
10,5,17500,-1.63915
10,6,17500,-1.56032
10,7,17500,-1.47418
10,8,17500,-1.38524
10,9,17500,-1.2967
10,10,17500,-1.21074
10,11,17500,-1.12875
10,12,17500,-1.05152
10,13,17500,-0.979435
10,14,17500,-0.912579
10,15,17500,-0.850852
10,16,17500,-0.794031
10,17,17500,-0.741824
10,18,17500,-0.693906
10,19,17500,-0.649937
10,20,17500,-0.609583
10,21,17500,-0.572521
10,22,17500,-0.538447
10,23,17500,-0.507077
10,24,17500,-0.478151
10,25,17500,-0.451427
10,26,17500,-0.426689
10,27,17500,-0.403736
10,28,17500,-0.382387
10,29,17500,-0.362477
10,30,17500,-0.343858
10,31,17500,-0.326393
10,32,17500,-0.309959
10,33,17500,-0.294442
10,34,17500,-0.27974
10,35,17500,-0.265759
10,36,17500,-0.252412
10,37,17500,-0.239619
10,38,17500,-0.227306
10,39,17500,-0.215407
10,40,17500,-0.203856
10,41,17500,-0.192595
10,42,17500,-0.181567
10,43,17500,-0.170721
10,44,17500,-0.160006
10,45,17500,-0.149375
10,46,17500,-0.138781
10,47,17500,-0.128181
10,48,17500,-0.117532
10,49,17500,-0.106791
10,50,17500,-0.0959172
10,51,17500,-0.0848689
10,52,17500,-0.0736051
10,53,17500,-0.062084
10,54,17500,-0.0502636
10,55,17500,-0.0381005
10,56,17500,-0.0255504
10,57,17500,-0.0125673
10,58,17500,0.000896883
10,59,17500,0.0148924
10,60,17500,0.0294724
10,61,17500,0.0446932
10,62,17500,0.0606147
10,63,17500,0.0773012
10,64,17500,0.0948217
10,65,17500,0.113251
10,66,17500,0.132669
10,67,17500,0.153165
10,68,17500,0.174833
10,69,17500,0.197778
10,70,17500,0.222114
10,71,17500,0.247967
10,72,17500,0.275474
10,73,17500,0.304787
10,74,17500,0.336073
10,75,17500,0.369513
10,76,17500,0.40531
10,77,17500,0.443683
10,78,17500,0.484873
10,79,17500,0.529142
10,80,17500,0.576772
10,81,17500,0.628063
10,82,17500,0.683335
10,83,17500,0.742912
10,84,17500,0.80712
10,85,17500,0.876266
10,86,17500,0.950615
10,87,17500,1.03035
10,88,17500,1.11552
10,89,17500,1.20596
10,90,17500,1.30121
10,91,17500,1.40035
10,92,17500,1.50185
10,93,17500,1.60335
10,94,17500,1.70144
10,95,17500,1.79142
10,96,17500,1.86729
10,97,17500,1.92066
10,98,17500,1.94706
10,99,17500,1.91797
10,100,17500,1.91797
11,0,17500,-1.54576
11,1,17500,-1.54576
11,2,17500,-1.58504
11,3,17500,-1.57852
11,4,17500,-1.55134
11,5,17500,-1.50496
11,6,17500,-1.44578
11,7,17500,-1.37829
11,8,17500,-1.30631
11,9,17500,-1.23273
11,10,17500,-1.15968
11,11,17500,-1.08863
11,12,17500,-1.02055
11,13,17500,-0.956052
11,14,17500,-0.895426
11,15,17500,-0.838778
11,16,17500,-0.786074
11,17,17500,-0.737184
11,18,17500,-0.69192
11,19,17500,-0.650062
11,20,17500,-0.611373
11,21,17500,-0.575611
11,22,17500,-0.54254
11,23,17500,-0.51193
11,24,17500,-0.483567
11,25,17500,-0.457246
11,26,17500,-0.432778
11,27,17500,-0.40999
11,28,17500,-0.388719
11,29,17500,-0.368818
11,30,17500,-0.350151
11,31,17500,-0.332591
11,32,17500,-0.316025
11,33,17500,-0.300347
11,34,17500,-0.28546
11,35,17500,-0.271274
11,36,17500,-0.257707
11,37,17500,-0.244682
11,38,17500,-0.232129
11,39,17500,-0.219981
11,40,17500,-0.208176
11,41,17500,-0.196657
11,42,17500,-0.185369
11,43,17500,-0.17426
11,44,17500,-0.16328
11,45,17500,-0.152384
11,46,17500,-0.141525
11,47,17500,-0.13066
11,48,17500,-0.119746
11,49,17500,-0.108741
11,50,17500,-0.0976038
11,51,17500,-0.0862935
11,52,17500,-0.074769
11,53,17500,-0.0629889
11,54,17500,-0.0509113
11,55,17500,-0.0384933
11,56,17500,-0.0256911
11,57,17500,-0.0124589
11,58,17500,0.00125035
11,59,17500,0.0154863
11,60,17500,0.030301
11,61,17500,0.0457494
11,62,17500,0.06189
11,63,17500,0.078785
11,64,17500,0.0965011
11,65,17500,0.11511
11,66,17500,0.134688
11,67,17500,0.15532
11,68,17500,0.177095
11,69,17500,0.20011
11,70,17500,0.224473
11,71,17500,0.250299
11,72,17500,0.277713
11,73,17500,0.306852
11,74,17500,0.337864
11,75,17500,0.37091
11,76,17500,0.406165
11,77,17500,0.443815
11,78,17500,0.484061
11,79,17500,0.527116
11,80,17500,0.573201
11,81,17500,0.622545
11,82,17500,0.675378
11,83,17500,0.731919
11,84,17500,0.792369
11,85,17500,0.856884
11,86,17500,0.925555
11,87,17500,0.998368
11,88,17500,1.07515
11,89,17500,1.15553
11,90,17500,1.23879
11,91,17500,1.32386
11,92,17500,1.40909
11,93,17500,1.49221
11,94,17500,1.57014
11,95,17500,1.63887
11,96,17500,1.6937
11,97,17500,1.72812
11,98,17500,1.74025
11,99,17500,1.70561
11,100,17500,1.70561
12,0,17500,-1.39027
12,1,17500,-1.39027
12,2,17500,-1.43004
12,3,17500,-1.43158
12,4,17500,-1.41627
12,5,17500,-1.38412
12,6,17500,-1.34001
12,7,17500,-1.28739
12,8,17500,-1.22942
12,9,17500,-1.16859
12,10,17500,-1.10687
12,11,17500,-1.0457
12,12,17500,-0.986113
12,13,17500,-0.928822
12,14,17500,-0.874265
12,15,17500,-0.822689
12,16,17500,-0.774194
12,17,17500,-0.728778
12,18,17500,-0.686367
12,19,17500,-0.646838
12,20,17500,-0.610041
12,21,17500,-0.575805
12,22,17500,-0.543956
12,23,17500,-0.514316
12,24,17500,-0.486713
12,25,17500,-0.460978
12,26,17500,-0.436953
12,27,17500,-0.414487
12,28,17500,-0.393441
12,29,17500,-0.373683
12,30,17500,-0.35509
12,31,17500,-0.33755
12,32,17500,-0.320957
12,33,17500,-0.305214
12,34,17500,-0.29023
12,35,17500,-0.275922
12,36,17500,-0.262211
12,37,17500,-0.249026
12,38,17500,-0.236297
12,39,17500,-0.223963
12,40,17500,-0.211962
12,41,17500,-0.20024
12,42,17500,-0.188742
12,43,17500,-0.17742
12,44,17500,-0.166223
12,45,17500,-0.155107
12,46,17500,-0.144026
12,47,17500,-0.132938
12,48,17500,-0.121801
12,49,17500,-0.110573
12,50,17500,-0.099213
12,51,17500,-0.0876811
12,52,17500,-0.0759366
12,53,17500,-0.0639386
12,54,17500,-0.0516457
12,55,17500,-0.0390159
12,56,17500,-0.0260057
12,57,17500,-0.0125707
12,58,17500,0.00133556
12,59,17500,0.0157613
12,60,17500,0.0307572
12,61,17500,0.0463764
12,62,17500,0.0626755
12,63,17500,0.079714
12,64,17500,0.0975558
12,65,17500,0.116269
12,66,17500,0.135926
12,67,17500,0.156605
12,68,17500,0.17839
12,69,17500,0.201371
12,70,17500,0.225647
12,71,17500,0.25132
12,72,17500,0.278504
12,73,17500,0.30732
12,74,17500,0.337897
12,75,17500,0.370373
12,76,17500,0.404896
12,77,17500,0.441619
12,78,17500,0.480704
12,79,17500,0.522316
12,80,17500,0.566621
12,81,17500,0.613781
12,82,17500,0.663946
12,83,17500,0.717244
12,84,17500,0.773768
12,85,17500,0.833554
12,86,17500,0.896556
12,87,17500,0.962616
12,88,17500,1.03141
12,89,17500,1.10242
12,90,17500,1.17482
12,91,17500,1.24747
12,92,17500,1.31876
12,93,17500,1.3866
12,94,17500,1.44832
12,95,17500,1.5006
12,96,17500,1.53983
12,97,17500,1.56098
12,98,17500,1.56379
12,99,17500,1.52712
12,100,17500,1.52712
13,0,17500,-1.25915
13,1,17500,-1.25915
13,2,17500,-1.29784
13,3,17500,-1.30442
13,4,17500,-1.2973
13,5,17500,-1.27557
13,6,17500,-1.24299
13,7,17500,-1.20219
13,8,17500,-1.15569
13,9,17500,-1.10563
13,10,17500,-1.05372
13,11,17500,-1.00132
13,12,17500,-0.949463
13,13,17500,-0.898884
13,14,17500,-0.850101
13,15,17500,-0.803452
13,16,17500,-0.759133
13,17,17500,-0.717235
13,18,17500,-0.677773
13,19,17500,-0.640705
13,20,17500,-0.60595
13,21,17500,-0.573403
13,22,17500,-0.542941
13,23,17500,-0.514435
13,24,17500,-0.487751
13,25,17500,-0.462755
13,26,17500,-0.439317
13,27,17500,-0.417311
13,28,17500,-0.396617
13,29,17500,-0.37712
13,30,17500,-0.358713
13,31,17500,-0.341295
13,32,17500,-0.324771
13,33,17500,-0.309052
13,34,17500,-0.294054
13,35,17500,-0.279701
13,36,17500,-0.265919
13,37,17500,-0.252639
13,38,17500,-0.239799
13,39,17500,-0.227337
13,40,17500,-0.215196
13,41,17500,-0.203323
13,42,17500,-0.191666
13,43,17500,-0.180177
13,44,17500,-0.168809
13,45,17500,-0.157517
13,46,17500,-0.146258
13,47,17500,-0.134988
13,48,17500,-0.123668
13,49,17500,-0.112257
13,50,17500,-0.100714
13,51,17500,-0.0890005
13,52,17500,-0.0770758
13,53,17500,-0.0649001
13,54,17500,-0.052433
13,55,17500,-0.0396332
13,56,17500,-0.0264584
13,57,17500,-0.0128653
13,58,17500,0.0011912
13,59,17500,0.0157578
13,60,17500,0.0308833
13,61,17500,0.0466188
13,62,17500,0.0630183
13,63,17500,0.0801386
13,64,17500,0.0980399
13,65,17500,0.116786
13,66,17500,0.136445
13,67,17500,0.157089
13,68,17500,0.178796
13,69,17500,0.201647
13,70,17500,0.225731
13,71,17500,0.251139
13,72,17500,0.277973
13,73,17500,0.306335
13,74,17500,0.336338
13,75,17500,0.368095
13,76,17500,0.401729
13,77,17500,0.43736
13,78,17500,0.475113
13,79,17500,0.51511
13,80,17500,0.557465
13,81,17500,0.602281
13,82,17500,0.64964
13,83,17500,0.699592
13,84,17500,0.752144
13,85,17500,0.807235
13,86,17500,0.864721
13,87,17500,0.924339
13,88,17500,0.985674
13,89,17500,1.04812
13,90,17500,1.11083
13,91,17500,1.17265
13,92,17500,1.23211
13,93,17500,1.28734
13,94,17500,1.33607
13,95,17500,1.37562
13,96,17500,1.40324
13,97,17500,1.41503
13,98,17500,1.41174
13,99,17500,1.37491
13,100,17500,1.37491
14,0,17500,-1.14704
14,1,17500,-1.14704
14,2,17500,-1.18394
14,3,17500,-1.19363
14,4,17500,-1.19215
14,5,17500,-1.17809
14,6,17500,-1.15435
14,7,17500,-1.12289
14,8,17500,-1.08576
14,9,17500,-1.0447
14,10,17500,-1.00122
14,11,17500,-0.956533
14,12,17500,-0.911604
14,13,17500,-0.867171
14,14,17500,-0.823782
14,15,17500,-0.781824
14,16,17500,-0.741554
14,17,17500,-0.70313
14,18,17500,-0.666633
14,19,17500,-0.632084
14,20,17500,-0.599459
14,21,17500,-0.568705
14,22,17500,-0.539748
14,23,17500,-0.512497
14,24,17500,-0.486856
14,25,17500,-0.462721
14,26,17500,-0.439988
14,27,17500,-0.418556
14,28,17500,-0.398322
14,29,17500,-0.379191
14,30,17500,-0.361067
14,31,17500,-0.343863
14,32,17500,-0.327494
14,33,17500,-0.31188
14,34,17500,-0.296944
14,35,17500,-0.282617
14,36,17500,-0.26883
14,37,17500,-0.255519
14,38,17500,-0.242626
14,39,17500,-0.230092
14,40,17500,-0.217864
14,41,17500,-0.205891
14,42,17500,-0.194123
14,43,17500,-0.182514
14,44,17500,-0.171018
14,45,17500,-0.159593
14,46,17500,-0.148196
14,47,17500,-0.136785
14,48,17500,-0.125322
14,49,17500,-0.113767
14,50,17500,-0.10208
14,51,17500,-0.0902227
14,52,17500,-0.0781565
14,53,17500,-0.0658423
14,54,17500,-0.0532408
14,55,17500,-0.0403117
14,56,17500,-0.0270142
14,57,17500,-0.0133063
14,58,17500,0.000855409
14,59,17500,0.0155158
14,60,17500,0.0307216
14,61,17500,0.0465215
14,62,17500,0.0629665
14,63,17500,0.0801102
14,64,17500,0.0980089
14,65,17500,0.116722
14,66,17500,0.136313
14,67,17500,0.156846
14,68,17500,0.178393
14,69,17500,0.201028
14,70,17500,0.224826
14,71,17500,0.249872
14,72,17500,0.276249
14,73,17500,0.304046
14,74,17500,0.333356
14,75,17500,0.364273
14,76,17500,0.396889
14,77,17500,0.4313
14,78,17500,0.467594
14,79,17500,0.505852
14,80,17500,0.546146
14,81,17500,0.588525
14,82,17500,0.633016
14,83,17500,0.679604
14,84,17500,0.728228
14,85,17500,0.778758
14,86,17500,0.830976
14,87,17500,0.884554
14,88,17500,0.939025
14,89,17500,0.993752
14,90,17500,1.04789
14,91,17500,1.10037
14,92,17500,1.14985
14,93,17500,1.1947
14,94,17500,1.23305
14,95,17500,1.26273
14,96,17500,1.28165
14,97,17500,1.28682
14,98,17500,1.27953
14,99,17500,1.2435
14,100,17500,1.2435
15,0,17500,-1.05007
15,1,17500,-1.05007
15,2,17500,-1.08488
15,3,17500,-1.09643
15,4,17500,-1.09884
15,5,17500,-1.09044
15,6,17500,-1.07347
15,7,17500,-1.04942
15,8,17500,-1.0199
15,9,17500,-0.986356
15,10,17500,-0.950058
15,11,17500,-0.912081
15,12,17500,-0.873305
15,13,17500,-0.834434
15,14,17500,-0.796014
15,15,17500,-0.75845
15,16,17500,-0.722039
15,17,17500,-0.68698
15,18,17500,-0.653401
15,19,17500,-0.621368
15,20,17500,-0.590907
15,21,17500,-0.562004
15,22,17500,-0.534625
15,23,17500,-0.508714
15,24,17500,-0.484206
15,25,17500,-0.461026
15,26,17500,-0.439093
15,27,17500,-0.418328
15,28,17500,-0.398646
15,29,17500,-0.379967
15,30,17500,-0.362211
15,31,17500,-0.345301
15,32,17500,-0.329163
15,33,17500,-0.313725
15,34,17500,-0.29892
15,35,17500,-0.284684
15,36,17500,-0.270953
15,37,17500,-0.25767
15,38,17500,-0.244778
15,39,17500,-0.232225
15,40,17500,-0.21996
15,41,17500,-0.207934
15,42,17500,-0.1961
15,43,17500,-0.184415
15,44,17500,-0.172834
15,45,17500,-0.161316
15,46,17500,-0.149821
15,47,17500,-0.138308
15,48,17500,-0.12674
15,49,17500,-0.115078
15,50,17500,-0.103285
15,51,17500,-0.0913215
15,52,17500,-0.0791514
15,53,17500,-0.0667366
15,54,17500,-0.054039
15,55,17500,-0.04102
15,56,17500,-0.0276401
15,57,17500,-0.0138589
15,58,17500,0.000365015
15,59,17500,0.0150744
15,60,17500,0.0303136
15,61,17500,0.0461287
15,62,17500,0.0625675
15,63,17500,0.07968
15,64,17500,0.0975185
15,65,17500,0.116138
15,66,17500,0.135595
15,67,17500,0.155949
15,68,17500,0.177263
15,69,17500,0.199603
15,70,17500,0.223036
15,71,17500,0.247632
15,72,17500,0.273462
15,73,17500,0.300601
15,74,17500,0.329122
15,75,17500,0.359098
15,76,17500,0.3906
15,77,17500,0.423694
15,78,17500,0.458438
15,79,17500,0.494879
15,80,17500,0.533049
15,81,17500,0.572955
15,82,17500,0.614575
15,83,17500,0.657848
15,84,17500,0.702658
15,85,17500,0.748825
15,86,17500,0.796085
15,87,17500,0.844074
15,88,17500,0.892302
15,89,17500,0.940134
15,90,17500,0.98677
15,91,17500,1.03122
15,92,17500,1.07231
15,93,17500,1.10864
15,94,17500,1.13867
15,95,17500,1.16067
15,96,17500,1.17306
15,97,17500,1.17349
15,98,17500,1.16361
15,99,17500,1.12883
15,100,17500,1.12883
16,0,17500,-0.965325
16,1,17500,-0.965325
16,2,17500,-0.997993
16,3,17500,-1.01059
16,4,17500,-1.01567
16,5,17500,-1.01144
16,6,17500,-0.999687
16,7,17500,-0.981504
16,8,17500,-0.958176
16,9,17500,-0.930877
16,10,17500,-0.900675
16,11,17500,-0.868502
16,12,17500,-0.835148
16,13,17500,-0.801263
16,14,17500,-0.76737
16,15,17500,-0.733875
16,16,17500,-0.70109
16,17,17500,-0.669241
16,18,17500,-0.638484
16,19,17500,-0.608923
16,20,17500,-0.580614
16,21,17500,-0.553579
16,22,17500,-0.527815
16,23,17500,-0.503296
16,24,17500,-0.479983
16,25,17500,-0.457825
16,26,17500,-0.436764
16,27,17500,-0.416738
16,28,17500,-0.397681
16,29,17500,-0.379527
16,30,17500,-0.362209
16,31,17500,-0.345662
16,32,17500,-0.329821
16,33,17500,-0.314625
16,34,17500,-0.300011
16,35,17500,-0.285923
16,36,17500,-0.272304
16,37,17500,-0.259101
16,38,17500,-0.246263
16,39,17500,-0.233739
16,40,17500,-0.221483
16,41,17500,-0.209448
16,42,17500,-0.197592
16,43,17500,-0.185871
16,44,17500,-0.174245
16,45,17500,-0.162673
16,46,17500,-0.151118
16,47,17500,-0.139541
16,48,17500,-0.127904
16,49,17500,-0.116172
16,50,17500,-0.104307
16,51,17500,-0.0922741
16,52,17500,-0.0800361
16,53,17500,-0.0675571
16,54,17500,-0.0548004
16,55,17500,-0.041729
16,56,17500,-0.0283051
16,57,17500,-0.0144903
16,58,17500,-0.000245115
16,59,17500,0.0144708
16,60,17500,0.0296993
16,61,17500,0.0454835
16,62,17500,0.0618678
16,63,17500,0.0788985
16,64,17500,0.0966235
16,65,17500,0.115092
16,66,17500,0.134357
16,67,17500,0.15447
16,68,17500,0.175487
16,69,17500,0.197465
16,70,17500,0.22046
16,71,17500,0.244533
16,72,17500,0.269741
16,73,17500,0.296144
16,74,17500,0.323799
16,75,17500,0.352758
16,76,17500,0.383072
16,77,17500,0.414783
16,78,17500,0.44792
16,79,17500,0.482502
16,80,17500,0.518527
16,81,17500,0.555967
16,82,17500,0.594763
16,83,17500,0.634816
16,84,17500,0.675973
16,85,17500,0.718021
16,86,17500,0.760669
16,87,17500,0.803535
16,88,17500,0.846131
16,89,17500,0.887848
16,90,17500,0.927942
16,91,17500,0.965526
16,92,17500,0.99957
16,93,17500,1.0289
16,94,17500,1.05226
16,95,17500,1.06826
16,96,17500,1.07571
16,97,17500,1.07275
16,98,17500,1.0612
16,99,17500,1.02789
16,100,17500,1.02789
17,0,17500,-0.890588
17,1,17500,-0.890588
17,2,17500,-0.921178
17,3,17500,-0.934288
17,4,17500,-0.941188
17,5,17500,-0.940063
17,6,17500,-0.932323
17,7,17500,-0.918798
17,8,17500,-0.900501
17,9,17500,-0.878385
17,10,17500,-0.853341
17,11,17500,-0.826168
17,12,17500,-0.797563
17,13,17500,-0.768114
17,14,17500,-0.738311
17,15,17500,-0.708547
17,16,17500,-0.679134
17,17,17500,-0.650308
17,18,17500,-0.622247
17,19,17500,-0.595075
17,20,17500,-0.568874
17,21,17500,-0.543692
17,22,17500,-0.51955
17,23,17500,-0.496446
17,24,17500,-0.474364
17,25,17500,-0.453273
17,26,17500,-0.433134
17,27,17500,-0.413902
17,28,17500,-0.395527
17,29,17500,-0.377957
17,30,17500,-0.361135
17,31,17500,-0.345008
17,32,17500,-0.329521
17,33,17500,-0.31462
17,34,17500,-0.300251
17,35,17500,-0.286364
17,36,17500,-0.272906
17,37,17500,-0.259832
17,38,17500,-0.247092
17,39,17500,-0.234641
17,40,17500,-0.222437
17,41,17500,-0.210435
17,42,17500,-0.198596
17,43,17500,-0.186879
17,44,17500,-0.175245
17,45,17500,-0.163656
17,46,17500,-0.152077
17,47,17500,-0.14047
17,48,17500,-0.1288
17,49,17500,-0.117032
17,50,17500,-0.10513
17,51,17500,-0.0930613
17,52,17500,-0.0807898
17,53,17500,-0.0682812
17,54,17500,-0.0555006
17,55,17500,-0.0424125
17,56,17500,-0.0289813
17,57,17500,-0.0151703
17,58,17500,-0.00094256
17,59,17500,0.01374
17,60,17500,0.0289164
17,61,17500,0.0446266
17,62,17500,0.0609116
17,63,17500,0.0778139
17,64,17500,0.0953768
17,65,17500,0.113645
17,66,17500,0.132664
17,67,17500,0.152481
17,68,17500,0.173144
17,69,17500,0.1947
17,70,17500,0.217198
17,71,17500,0.240685
17,72,17500,0.26521
17,73,17500,0.290815
17,74,17500,0.317544
17,75,17500,0.345431
17,76,17500,0.374507
17,77,17500,0.404793
17,78,17500,0.436295
17,79,17500,0.469006
17,80,17500,0.502898
17,81,17500,0.537914
17,82,17500,0.573967
17,83,17500,0.610931
17,84,17500,0.648628
17,85,17500,0.686824
17,86,17500,0.725217
17,87,17500,0.763423
17,88,17500,0.800971
17,89,17500,0.83729
17,90,17500,0.871703
17,91,17500,0.903424
17,92,17500,0.931564
17,93,17500,0.955143
17,94,17500,0.973124
17,95,17500,0.984413
17,96,17500,0.988115
17,97,17500,0.982719
17,98,17500,0.97012
17,99,17500,0.938328
17,100,17500,0.938328
18,0,17500,-0.824151
18,1,17500,-0.824151
18,2,17500,-0.852785
18,3,17500,-0.866064
18,4,17500,-0.874187
18,5,17500,-0.875359
18,6,17500,-0.870726
18,7,17500,-0.860905
18,8,17500,-0.846701
18,9,17500,-0.828885
18,10,17500,-0.808198
18,11,17500,-0.785319
18,12,17500,-0.760855
18,13,17500,-0.735333
18,14,17500,-0.709202
18,15,17500,-0.682831
18,16,17500,-0.656525
18,17,17500,-0.630521
18,18,17500,-0.605006
18,19,17500,-0.580118
18,20,17500,-0.555955
18,21,17500,-0.532585
18,22,17500,-0.510046
18,23,17500,-0.488357
18,24,17500,-0.46752
18,25,17500,-0.44752
18,26,17500,-0.428337
18,27,17500,-0.409937
18,28,17500,-0.392287
18,29,17500,-0.375344
18,30,17500,-0.359065
18,31,17500,-0.343405
18,32,17500,-0.328319
18,33,17500,-0.313759
18,34,17500,-0.299681
18,35,17500,-0.286039
18,36,17500,-0.272787
18,37,17500,-0.259883
18,38,17500,-0.247283
18,39,17500,-0.234946
18,40,17500,-0.222832
18,41,17500,-0.210902
18,42,17500,-0.199116
18,43,17500,-0.187438
18,44,17500,-0.175832
18,45,17500,-0.164261
18,46,17500,-0.152691
18,47,17500,-0.141088
18,48,17500,-0.129417
18,49,17500,-0.117645
18,50,17500,-0.10574
18,51,17500,-0.0936674
18,52,17500,-0.081395
18,53,17500,-0.0688898
18,54,17500,-0.0561185
18,55,17500,-0.0430477
18,56,17500,-0.0296435
18,57,17500,-0.0158718
18,58,17500,-0.00169773
18,59,17500,0.0129142
18,60,17500,0.0279999
18,61,17500,0.0435963
18,62,17500,0.059741
18,63,17500,0.0764721
18,64,17500,0.0938288
18,65,17500,0.11185
18,66,17500,0.130577
18,67,17500,0.15005
18,68,17500,0.170308
18,69,17500,0.191393
18,70,17500,0.213342
18,71,17500,0.236195
18,72,17500,0.259985
18,73,17500,0.284746
18,74,17500,0.310504
18,75,17500,0.337281
18,76,17500,0.365089
18,77,17500,0.39393
18,78,17500,0.423792
18,79,17500,0.454646
18,80,17500,0.486442
18,81,17500,0.519103
18,82,17500,0.55252
18,83,17500,0.586549
18,84,17500,0.620996
18,85,17500,0.655618
18,86,17500,0.690111
18,87,17500,0.724103
18,88,17500,0.757148
18,89,17500,0.788719
18,90,17500,0.818208
18,91,17500,0.844926
18,92,17500,0.868113
18,93,17500,0.886949
18,94,17500,0.900591
18,95,17500,0.908164
18,96,17500,0.908998
18,97,17500,0.901854
18,98,17500,0.888641
18,99,17500,0.858347
18,100,17500,0.858347
19,0,17500,-0.764674
19,1,17500,-0.764674
19,2,17500,-0.791496
19,3,17500,-0.804721
19,4,17500,-0.813642
19,5,17500,-0.816518
19,6,17500,-0.814293
19,7,17500,-0.807426
19,8,17500,-0.796557
19,9,17500,-0.78231
19,10,17500,-0.765299
19,11,17500,-0.7461
19,12,17500,-0.725237
19,13,17500,-0.703176
19,14,17500,-0.680323
19,15,17500,-0.657022
19,16,17500,-0.633559
19,17,17500,-0.610168
19,18,17500,-0.587036
19,19,17500,-0.564309
19,20,17500,-0.542096
19,21,17500,-0.520476
19,22,17500,-0.499504
19,23,17500,-0.479211
19,24,17500,-0.459614
19,25,17500,-0.440714
19,26,17500,-0.422502
19,27,17500,-0.404959
19,28,17500,-0.388061
19,29,17500,-0.371778
19,30,17500,-0.356077
19,31,17500,-0.340922
19,32,17500,-0.326274
19,33,17500,-0.312095
19,34,17500,-0.298346
19,35,17500,-0.284987
19,36,17500,-0.271979
19,37,17500,-0.259282
19,38,17500,-0.246859
19,39,17500,-0.234672
19,40,17500,-0.222684
19,41,17500,-0.210859
19,42,17500,-0.199161
19,43,17500,-0.187556
19,44,17500,-0.176009
19,45,17500,-0.164488
19,46,17500,-0.152959
19,47,17500,-0.14139
19,48,17500,-0.129749
19,49,17500,-0.118005
19,50,17500,-0.106126
19,51,17500,-0.0940804
19,52,17500,-0.0818379
19,53,17500,-0.0693671
19,54,17500,-0.0566365
19,55,17500,-0.0436147
19,56,17500,-0.0302702
19,57,17500,-0.0165707
19,58,17500,-0.00248413
19,59,17500,0.0120224
19,60,17500,0.0269819
19,61,17500,0.042428
19,62,17500,0.0583947
19,63,17500,0.0749161
19,64,17500,0.0920268
19,65,17500,0.109762
19,66,17500,0.128155
19,67,17500,0.14724
19,68,17500,0.167052
19,69,17500,0.187623
19,70,17500,0.208982
19,71,17500,0.231159
19,72,17500,0.254178
19,73,17500,0.27806
19,74,17500,0.302819
19,75,17500,0.328462
19,76,17500,0.354988
19,77,17500,0.382382
19,78,17500,0.410618
19,79,17500,0.439648
19,80,17500,0.469406
19,81,17500,0.499799
19,82,17500,0.530704
19,83,17500,0.561965
19,84,17500,0.59338
19,85,17500,0.624706
19,86,17500,0.655645
19,87,17500,0.685841
19,88,17500,0.71488
19,89,17500,0.742283
19,90,17500,0.767509
19,91,17500,0.789959
19,92,17500,0.808984
19,93,17500,0.823902
19,94,17500,0.834027
19,95,17500,0.838657
19,96,17500,0.837291
19,97,17500,0.828899
19,98,17500,0.815364
19,99,17500,0.786508
19,100,17500,0.786508
20,0,17500,-0.71109
20,1,17500,-0.71109
20,2,17500,-0.736249
20,3,17500,-0.749278
20,4,17500,-0.758697
20,5,17500,-0.762835
20,6,17500,-0.76248
20,7,17500,-0.757973
20,8,17500,-0.749826
20,9,17500,-0.738544
20,10,17500,-0.724635
20,11,17500,-0.708585
20,12,17500,-0.690847
20,13,17500,-0.671827
20,14,17500,-0.651891
20,15,17500,-0.63135
20,16,17500,-0.610475
20,17,17500,-0.589487
20,18,17500,-0.568571
20,19,17500,-0.547873
20,20,17500,-0.527509
20,21,17500,-0.507566
20,22,17500,-0.488108
20,23,17500,-0.469177
20,24,17500,-0.450801
20,25,17500,-0.432994
20,26,17500,-0.415756
20,27,17500,-0.39908
20,28,17500,-0.382952
20,29,17500,-0.367351
20,30,17500,-0.352253
20,31,17500,-0.337629
20,32,17500,-0.32345
20,33,17500,-0.309683
20,34,17500,-0.296295
20,35,17500,-0.283251
20,36,17500,-0.270519
20,37,17500,-0.258062
20,38,17500,-0.245848
20,39,17500,-0.233843
20,40,17500,-0.222012
20,41,17500,-0.210323
20,42,17500,-0.198743
20,43,17500,-0.18724
20,44,17500,-0.175783
20,45,17500,-0.16434
20,46,17500,-0.152881
20,47,17500,-0.141376
20,48,17500,-0.129794
20,49,17500,-0.118105
20,50,17500,-0.106281
20,51,17500,-0.0942921
20,52,17500,-0.0821083
20,53,17500,-0.0697009
20,54,17500,-0.0570404
20,55,17500,-0.0440975
20,56,17500,-0.0308426
20,57,17500,-0.0172463
20,58,17500,-0.00327851
20,59,17500,0.0110906
20,60,17500,0.0258912
20,61,17500,0.0411537
20,62,17500,0.0569082
20,63,17500,0.0731853
20,64,17500,0.0900148
20,65,17500,0.107427
20,66,17500,0.12545
20,67,17500,0.144113
20,68,17500,0.163443
20,69,17500,0.183465
20,70,17500,0.204201
20,71,17500,0.225671
20,72,17500,0.247891
20,73,17500,0.27087
20,74,17500,0.294611
20,75,17500,0.319112
20,76,17500,0.344356
20,77,17500,0.370317
20,78,17500,0.396955
20,79,17500,0.424209
20,80,17500,0.452001
20,81,17500,0.480227
20,82,17500,0.508755
20,83,17500,0.537421
20,84,17500,0.566024
20,85,17500,0.594324
20,86,17500,0.622034
20,87,17500,0.648822
20,88,17500,0.674307
20,89,17500,0.698056
20,90,17500,0.719593
20,91,17500,0.738398
20,92,17500,0.75392
20,93,17500,0.765592
20,94,17500,0.772854
20,95,17500,0.775143
20,96,17500,0.772086
20,97,17500,0.762811
20,98,17500,0.749157
20,99,17500,0.721661
20,100,17500,0.721661
21,0,17500,-0.662542
21,1,17500,-0.662542
21,2,17500,-0.686184
21,3,17500,-0.69893
21,4,17500,-0.708633
21,5,17500,-0.7137
21,6,17500,-0.714799
21,7,17500,-0.712183
21,8,17500,-0.706261
21,9,17500,-0.697445
21,10,17500,-0.686155
21,11,17500,-0.6728
21,12,17500,-0.657767
21,13,17500,-0.641415
21,14,17500,-0.624064
21,15,17500,-0.605999
21,16,17500,-0.587467
21,17,17500,-0.568679
21,18,17500,-0.54981
21,19,17500,-0.531005
21,20,17500,-0.512381
21,21,17500,-0.494031
21,22,17500,-0.476023
21,23,17500,-0.458408
21,24,17500,-0.441224
21,25,17500,-0.42449
21,26,17500,-0.408218
21,27,17500,-0.39241
21,28,17500,-0.377058
21,29,17500,-0.362151
21,30,17500,-0.347672
21,31,17500,-0.3336
21,32,17500,-0.319911
21,33,17500,-0.30658
21,34,17500,-0.293578
21,35,17500,-0.280877
21,36,17500,-0.268447
21,37,17500,-0.256258
21,38,17500,-0.24428
21,39,17500,-0.232484
21,40,17500,-0.220838
21,41,17500,-0.209312
21,42,17500,-0.197878
21,43,17500,-0.186505
21,44,17500,-0.175164
21,45,17500,-0.163827
21,46,17500,-0.152465
21,47,17500,-0.141049
21,48,17500,-0.129553
21,49,17500,-0.117947
21,50,17500,-0.106204
21,51,17500,-0.0942976
21,52,17500,-0.0821995
21,53,17500,-0.0698825
21,54,17500,-0.0573194
21,55,17500,-0.0444829
21,56,17500,-0.0313459
21,57,17500,-0.017881
21,58,17500,-0.00406093
21,59,17500,0.0101415
21,60,17500,0.0247534
21,61,17500,0.0398019
21,62,17500,0.0553138
21,63,17500,0.0713155
21,64,17500,0.0878328
21,65,17500,0.104891
21,66,17500,0.122514
21,67,17500,0.140724
21,68,17500,0.159543
21,69,17500,0.178988
21,70,17500,0.199075
21,71,17500,0.219815
21,72,17500,0.241216
21,73,17500,0.263279
21,74,17500,0.285997
21,75,17500,0.309355
21,76,17500,0.33333
21,77,17500,0.357883
21,78,17500,0.382963
21,79,17500,0.408501
21,80,17500,0.43441
21,81,17500,0.460577
21,82,17500,0.486867
21,83,17500,0.513113
21,84,17500,0.539118
21,85,17500,0.564649
21,86,17500,0.589436
21,87,17500,0.61317
21,88,17500,0.635504
21,89,17500,0.656053
21,90,17500,0.674395
21,91,17500,0.690084
21,92,17500,0.702652
21,93,17500,0.711627
21,94,17500,0.716552
21,95,17500,0.716973
21,96,17500,0.712613
21,97,17500,0.702726
21,98,17500,0.689091
21,99,17500,0.662869
21,100,17500,0.662869
22,0,17500,-0.618334
22,1,17500,-0.618334
22,2,17500,-0.640596
22,3,17500,-0.653006
22,4,17500,-0.662842
22,5,17500,-0.668587
22,6,17500,-0.670818
22,7,17500,-0.669719
22,8,17500,-0.665621
22,9,17500,-0.658858
22,10,17500,-0.64978
22,11,17500,-0.63873
22,12,17500,-0.626041
22,13,17500,-0.612023
22,14,17500,-0.59696
22,15,17500,-0.581107
22,16,17500,-0.564691
22,17,17500,-0.547905
22,18,17500,-0.530918
22,19,17500,-0.51387
22,20,17500,-0.496875
22,21,17500,-0.480026
22,22,17500,-0.463398
22,23,17500,-0.447047
22,24,17500,-0.431013
22,25,17500,-0.415326
22,26,17500,-0.400003
22,27,17500,-0.385052
22,28,17500,-0.370475
22,29,17500,-0.356266
22,30,17500,-0.342415
22,31,17500,-0.328906
22,32,17500,-0.315723
22,33,17500,-0.302845
22,34,17500,-0.290249
22,35,17500,-0.27791
22,36,17500,-0.265805
22,37,17500,-0.253907
22,38,17500,-0.242189
22,39,17500,-0.230625
22,40,17500,-0.219188
22,41,17500,-0.207851
22,42,17500,-0.196586
22,43,17500,-0.185367
22,44,17500,-0.174167
22,45,17500,-0.16296
22,46,17500,-0.151719
22,47,17500,-0.140417
22,48,17500,-0.12903
22,49,17500,-0.117531
22,50,17500,-0.105895
22,51,17500,-0.0940957
22,52,17500,-0.0821079
22,53,17500,-0.0699064
22,54,17500,-0.0574659
22,55,17500,-0.0447615
22,56,17500,-0.031768
22,57,17500,-0.0184607
22,58,17500,-0.00481474
22,59,17500,0.00919427
22,60,17500,0.0235906
22,61,17500,0.038398
22,62,17500,0.0536399
22,63,17500,0.069339
22,64,17500,0.0855169
22,65,17500,0.102194
22,66,17500,0.119391
22,67,17500,0.137123
22,68,17500,0.155406
22,69,17500,0.174253
22,70,17500,0.193672
22,71,17500,0.213668
22,72,17500,0.23424
22,73,17500,0.255381
22,74,17500,0.277076
22,75,17500,0.299304
22,76,17500,0.32203
22,77,17500,0.345209
22,78,17500,0.368781
22,79,17500,0.392671
22,80,17500,0.416784
22,81,17500,0.441006
22,82,17500,0.465197
22,83,17500,0.489195
22,84,17500,0.512808
22,85,17500,0.535813
22,86,17500,0.557958
22,87,17500,0.57896
22,88,17500,0.598505
22,89,17500,0.616248
22,90,17500,0.631823
22,91,17500,0.644843
22,92,17500,0.654914
22,93,17500,0.661642
22,94,17500,0.664652
22,95,17500,0.663577
22,96,17500,0.658216
22,97,17500,0.647918
22,98,17500,0.634399
22,99,17500,0.609365
22,100,17500,0.609365
23,0,17500,-0.577893
23,1,17500,-0.577893
23,2,17500,-0.598902
23,3,17500,-0.61095
23,4,17500,-0.620811
23,5,17500,-0.627045
23,6,17500,-0.630155
23,7,17500,-0.630276
23,8,17500,-0.627675
23,9,17500,-0.622625
23,10,17500,-0.615416
23,11,17500,-0.606339
23,12,17500,-0.595678
23,13,17500,-0.583701
23,14,17500,-0.570658
23,15,17500,-0.556779
23,16,17500,-0.542266
23,17,17500,-0.527299
23,18,17500,-0.512036
23,19,17500,-0.496609
23,20,17500,-0.481129
23,21,17500,-0.465691
23,22,17500,-0.450367
23,23,17500,-0.435218
23,24,17500,-0.42029
23,25,17500,-0.405614
23,26,17500,-0.391215
23,27,17500,-0.377106
23,28,17500,-0.363294
23,29,17500,-0.34978
23,30,17500,-0.336558
23,31,17500,-0.323619
23,32,17500,-0.310951
23,33,17500,-0.298538
23,34,17500,-0.286361
23,35,17500,-0.274402
23,36,17500,-0.262639
23,37,17500,-0.251049
23,38,17500,-0.239611
23,39,17500,-0.2283
23,40,17500,-0.217092
23,41,17500,-0.205963
23,42,17500,-0.194889
23,43,17500,-0.183846
23,44,17500,-0.172808
23,45,17500,-0.161753
23,46,17500,-0.150655
23,47,17500,-0.13949
23,48,17500,-0.128235
23,49,17500,-0.116865
23,50,17500,-0.105357
23,51,17500,-0.0936879
23,52,17500,-0.0818333
23,53,17500,-0.0697703
23,54,17500,-0.0574757
23,55,17500,-0.0449266
23,56,17500,-0.0321003
23,57,17500,-0.0189743
23,58,17500,-0.00552645
23,59,17500,0.00826506
23,60,17500,0.0224216
23,61,17500,0.0369638
23,62,17500,0.0519116
23,63,17500,0.0672842
23,64,17500,0.0830994
23,65,17500,0.0993736
23,66,17500,0.116121
23,67,17500,0.133356
23,68,17500,0.151086
23,69,17500,0.169318
23,70,17500,0.188056
23,71,17500,0.207298
23,72,17500,0.227037
23,73,17500,0.247258
23,74,17500,0.267941
23,75,17500,0.289056
23,76,17500,0.310562
23,77,17500,0.332407
23,78,17500,0.354527
23,79,17500,0.376841
23,80,17500,0.399251
23,81,17500,0.421641
23,82,17500,0.443874
23,83,17500,0.465789
23,84,17500,0.487204
23,85,17500,0.50791
23,86,17500,0.527672
23,87,17500,0.546231
23,88,17500,0.563305
23,89,17500,0.578589
23,90,17500,0.591763
23,91,17500,0.602495
23,92,17500,0.61045
23,93,17500,0.6153
23,94,17500,0.616737
23,95,17500,0.614464
23,96,17500,0.608334
23,97,17500,0.597775
23,98,17500,0.584438
23,99,17500,0.560511
23,100,17500,0.560511
24,0,17500,-0.540747
24,1,17500,-0.540747
24,2,17500,-0.56062
24,3,17500,-0.572294
24,4,17500,-0.582104
24,5,17500,-0.588683
24,6,17500,-0.592475
24,7,17500,-0.593577
24,8,17500,-0.592206
24,9,17500,-0.588587
24,10,17500,-0.582961
24,11,17500,-0.575574
24,12,17500,-0.566667
24,13,17500,-0.556474
24,14,17500,-0.545214
24,15,17500,-0.53309
24,16,17500,-0.520286
24,17,17500,-0.506967
24,18,17500,-0.493276
24,19,17500,-0.47934
24,20,17500,-0.465266
24,21,17500,-0.451144
24,22,17500,-0.437047
24,23,17500,-0.423038
24,24,17500,-0.409163
24,25,17500,-0.395459
24,26,17500,-0.381953
24,27,17500,-0.368663
24,28,17500,-0.355602
24,29,17500,-0.342773
24,30,17500,-0.330176
24,31,17500,-0.317807
24,32,17500,-0.305658
24,33,17500,-0.293716
24,34,17500,-0.281969
24,35,17500,-0.2704
24,36,17500,-0.258992
24,37,17500,-0.247726
24,38,17500,-0.236582
24,39,17500,-0.225541
24,40,17500,-0.214579
24,41,17500,-0.203677
24,42,17500,-0.192813
24,43,17500,-0.181964
24,44,17500,-0.171108
24,45,17500,-0.160224
24,46,17500,-0.149288
24,47,17500,-0.13828
24,48,17500,-0.127177
24,49,17500,-0.115957
24,50,17500,-0.104598
24,51,17500,-0.0930788
24,52,17500,-0.0813782
24,53,17500,-0.0694746
24,54,17500,-0.0573469
24,55,17500,-0.0449745
24,56,17500,-0.0323368
24,57,17500,-0.0194138
24,58,17500,-0.00618558
24,59,17500,0.00736683
24,60,17500,0.021262
24,61,17500,0.0355176
24,62,17500,0.0501504
24,63,17500,0.0651761
24,64,17500,0.0806087
24,65,17500,0.0964609
24,66,17500,0.112743
24,67,17500,0.129463
24,68,17500,0.146626
24,69,17500,0.164234
24,70,17500,0.182283
24,71,17500,0.200768
24,72,17500,0.219675
24,73,17500,0.238984
24,74,17500,0.25867
24,75,17500,0.278695
24,76,17500,0.299016
24,77,17500,0.319575
24,78,17500,0.340302
24,79,17500,0.361116
24,80,17500,0.381916
24,81,17500,0.402588
24,82,17500,0.422996
24,83,17500,0.442987
24,84,17500,0.462388
24,85,17500,0.481002
24,86,17500,0.498616
24,87,17500,0.514992
24,88,17500,0.529878
24,89,17500,0.543006
24,90,17500,0.554095
24,91,17500,0.56286
24,92,17500,0.569018
24,93,17500,0.572294
24,94,17500,0.572436
24,95,17500,0.569201
24,96,17500,0.562486
24,97,17500,0.55178
24,98,17500,0.53867
24,99,17500,0.515774
24,100,17500,0.515774
25,0,17500,-0.506503
25,1,17500,-0.506503
25,2,17500,-0.525342
25,3,17500,-0.536644
25,4,17500,-0.54635
25,5,17500,-0.553164
25,6,17500,-0.557483
25,7,17500,-0.559374
25,8,17500,-0.559017
25,9,17500,-0.556595
25,10,17500,-0.55231
25,11,17500,-0.54637
25,12,17500,-0.538982
25,13,17500,-0.530347
25,14,17500,-0.520658
25,15,17500,-0.510095
25,16,17500,-0.498823
25,17,17500,-0.486991
25,18,17500,-0.474732
25,19,17500,-0.462164
25,20,17500,-0.449387
25,21,17500,-0.436488
25,22,17500,-0.423541
25,23,17500,-0.410606
25,24,17500,-0.39773
25,25,17500,-0.384954
25,26,17500,-0.372307
25,27,17500,-0.359811
25,28,17500,-0.347479
25,29,17500,-0.335321
25,30,17500,-0.323341
25,31,17500,-0.311538
25,32,17500,-0.299906
25,33,17500,-0.288439
25,34,17500,-0.277126
25,35,17500,-0.265955
25,36,17500,-0.254911
25,37,17500,-0.24398
25,38,17500,-0.233143
25,39,17500,-0.222384
25,40,17500,-0.211684
25,41,17500,-0.201023
25,42,17500,-0.190384
25,43,17500,-0.179745
25,44,17500,-0.169088
25,45,17500,-0.158392
25,46,17500,-0.147636
25,47,17500,-0.136802
25,48,17500,-0.125869
25,49,17500,-0.114816
25,50,17500,-0.103625
25,51,17500,-0.0922754
25,52,17500,-0.0807475
25,53,17500,-0.0690223
25,54,17500,-0.0570808
25,55,17500,-0.0449043
25,56,17500,-0.0324745
25,57,17500,-0.0197737
25,58,17500,-0.00678446
25,59,17500,0.00650969
25,60,17500,0.0201246
25,61,17500,0.034075
25,62,17500,0.0483747
25,63,17500,0.063036
25,64,17500,0.0780696
25,65,17500,0.0934844
25,66,17500,0.109287
25,67,17500,0.125481
25,68,17500,0.142068
25,69,17500,0.159044
25,70,17500,0.176402
25,71,17500,0.194131
25,72,17500,0.212213
25,73,17500,0.230624
25,74,17500,0.249332
25,75,17500,0.268297
25,76,17500,0.287471
25,77,17500,0.306792
25,78,17500,0.32619
25,79,17500,0.34558
25,80,17500,0.364864
25,81,17500,0.383927
25,82,17500,0.40264
25,83,17500,0.420857
25,84,17500,0.438414
25,85,17500,0.455129
25,86,17500,0.470806
25,87,17500,0.485232
25,88,17500,0.49818
25,89,17500,0.509414
25,90,17500,0.518689
25,91,17500,0.525761
25,92,17500,0.53039
25,93,17500,0.532345
25,94,17500,0.531419
25,95,17500,0.527412
25,96,17500,0.520257
25,97,17500,0.50949
25,98,17500,0.496636
25,99,17500,0.474701
25,100,17500,0.474701
26,0,17500,-0.47483
26,1,17500,-0.47483
26,2,17500,-0.492729
26,3,17500,-0.503664
26,4,17500,-0.51323
26,5,17500,-0.520196
26,6,17500,-0.52492
26,7,17500,-0.527446
26,8,17500,-0.527923
26,9,17500,-0.526504
26,10,17500,-0.523357
26,11,17500,-0.518658
26,12,17500,-0.512585
26,13,17500,-0.505312
26,14,17500,-0.497007
26,15,17500,-0.48783
26,16,17500,-0.477929
26,17,17500,-0.467438
26,18,17500,-0.456479
26,19,17500,-0.445161
26,20,17500,-0.433579
26,21,17500,-0.421815
26,22,17500,-0.409939
26,23,17500,-0.398012
26,24,17500,-0.386081
26,25,17500,-0.374187
26,26,17500,-0.362361
26,27,17500,-0.350627
26,28,17500,-0.339002
26,29,17500,-0.327498
26,30,17500,-0.316121
26,31,17500,-0.304875
26,32,17500,-0.293756
26,33,17500,-0.282762
26,34,17500,-0.271885
26,35,17500,-0.261116
26,36,17500,-0.250442
26,37,17500,-0.239852
26,38,17500,-0.229332
26,39,17500,-0.218866
26,40,17500,-0.208438
26,41,17500,-0.198032
26,42,17500,-0.18763
26,43,17500,-0.177216
26,44,17500,-0.166771
26,45,17500,-0.156278
26,46,17500,-0.145718
26,47,17500,-0.135074
26,48,17500,-0.124326
26,49,17500,-0.113458
26,50,17500,-0.102451
26,51,17500,-0.0912867
26,52,17500,-0.0799486
26,53,17500,-0.0684189
26,54,17500,-0.0566806
26,55,17500,-0.0447173
26,56,17500,-0.0325126
26,57,17500,-0.0200512
26,58,17500,-0.00731798
26,59,17500,0.00570108
26,60,17500,0.0190192
26,61,17500,0.0326484
26,62,17500,0.0465997
26,63,17500,0.0608821
26,64,17500,0.0755033
26,65,17500,0.0904687
26,66,17500,0.105781
26,67,17500,0.121441
26,68,17500,0.137446
26,69,17500,0.153788
26,70,17500,0.170457
26,71,17500,0.187436
26,72,17500,0.204704
26,73,17500,0.222232
26,74,17500,0.239987
26,75,17500,0.257924
26,76,17500,0.275992
26,77,17500,0.294128
26,78,17500,0.31226
26,79,17500,0.330304
26,80,17500,0.348161
26,81,17500,0.365723
26,82,17500,0.382864
26,83,17500,0.399447
26,84,17500,0.415318
26,85,17500,0.43031
26,86,17500,0.444243
26,87,17500,0.456925
26,88,17500,0.468155
26,89,17500,0.477724
26,90,17500,0.485419
26,91,17500,0.491032
26,92,17500,0.494356
26,93,17500,0.4952
26,94,17500,0.493393
26,95,17500,0.488769
26,96,17500,0.481286
26,97,17500,0.470525
26,98,17500,0.457947
26,99,17500,0.436907
26,100,17500,0.436907
27,0,17500,-0.445447
27,1,17500,-0.445447
27,2,17500,-0.462491
27,3,17500,-0.473071
27,4,17500,-0.482473
27,5,17500,-0.489526
27,6,17500,-0.494557
27,7,17500,-0.497594
27,8,17500,-0.49876
27,9,17500,-0.498181
27,10,17500,-0.496
27,11,17500,-0.492366
27,12,17500,-0.487432
27,13,17500,-0.481349
27,14,17500,-0.474263
27,15,17500,-0.466317
27,16,17500,-0.457641
27,17,17500,-0.448357
27,18,17500,-0.438576
27,19,17500,-0.428399
27,20,17500,-0.417914
27,21,17500,-0.407198
27,22,17500,-0.396319
27,23,17500,-0.385335
27,24,17500,-0.374293
27,25,17500,-0.363234
27,26,17500,-0.352189
27,27,17500,-0.341185
27,28,17500,-0.33024
27,29,17500,-0.319369
27,30,17500,-0.30858
27,31,17500,-0.297879
27,32,17500,-0.287266
27,33,17500,-0.27674
27,34,17500,-0.266297
27,35,17500,-0.25593
27,36,17500,-0.245629
27,37,17500,-0.235386
27,38,17500,-0.225188
27,39,17500,-0.215022
27,40,17500,-0.204876
27,41,17500,-0.194734
27,42,17500,-0.184581
27,43,17500,-0.174403
27,44,17500,-0.164183
27,45,17500,-0.153906
27,46,17500,-0.143554
27,47,17500,-0.133113
27,48,17500,-0.122566
27,49,17500,-0.111896
27,50,17500,-0.101087
27,51,17500,-0.0901238
27,52,17500,-0.0789904
27,53,17500,-0.0676714
27,54,17500,-0.0561517
27,55,17500,-0.0444168
27,56,17500,-0.0324525
27,57,17500,-0.0202456
27,58,17500,-0.00778331
27,59,17500,0.00494607
27,60,17500,0.0179533
27,61,17500,0.0312478
27,62,17500,0.0448378
27,63,17500,0.0587296
27,64,17500,0.0729278
27,65,17500,0.0874349
27,66,17500,0.10225
27,67,17500,0.117372
27,68,17500,0.132792
27,69,17500,0.148501
27,70,17500,0.164484
27,71,17500,0.180722
27,72,17500,0.197191
27,73,17500,0.213858
27,74,17500,0.230686
27,75,17500,0.24763
27,76,17500,0.264635
27,77,17500,0.281639
27,78,17500,0.298569
27,79,17500,0.315342
27,80,17500,0.331862
27,81,17500,0.348025
27,82,17500,0.36371
27,83,17500,0.37879
27,84,17500,0.39312
27,85,17500,0.406548
27,86,17500,0.41891
27,87,17500,0.430033
27,88,17500,0.439739
27,89,17500,0.447843
27,90,17500,0.454161
27,91,17500,0.458512
27,92,17500,0.460723
27,93,17500,0.460631
27,94,17500,0.458096
27,95,17500,0.45298
27,96,17500,0.445262
27,97,17500,0.434556
27,98,17500,0.422265
27,99,17500,0.402063
27,100,17500,0.402063
28,0,17500,-0.418118
28,1,17500,-0.418118
28,2,17500,-0.434381
28,3,17500,-0.444619
28,4,17500,-0.453842
28,5,17500,-0.460933
28,6,17500,-0.466195
28,7,17500,-0.46964
28,8,17500,-0.471374
28,9,17500,-0.471501
28,10,17500,-0.470142
28,11,17500,-0.467423
28,12,17500,-0.463476
28,13,17500,-0.458432
28,14,17500,-0.45242
28,15,17500,-0.445565
28,16,17500,-0.437983
28,17,17500,-0.429785
28,18,17500,-0.421071
28,19,17500,-0.411933
28,20,17500,-0.402453
28,21,17500,-0.392704
28,22,17500,-0.382749
28,23,17500,-0.372644
28,24,17500,-0.362435
28,25,17500,-0.352163
28,26,17500,-0.34186
28,27,17500,-0.331552
28,28,17500,-0.321259
28,29,17500,-0.310997
28,30,17500,-0.300778
28,31,17500,-0.290607
28,32,17500,-0.280489
28,33,17500,-0.270425
28,34,17500,-0.260411
28,35,17500,-0.250444
28,36,17500,-0.240517
28,37,17500,-0.230622
28,38,17500,-0.22075
28,39,17500,-0.21089
28,40,17500,-0.201032
28,41,17500,-0.191161
28,42,17500,-0.181266
28,43,17500,-0.171333
28,44,17500,-0.161348
28,45,17500,-0.151297
28,46,17500,-0.141166
28,47,17500,-0.13094
28,48,17500,-0.120605
28,49,17500,-0.110146
28,50,17500,-0.0995485
28,51,17500,-0.0887992
28,52,17500,-0.0778838
28,53,17500,-0.0667888
28,54,17500,-0.0555011
28,55,17500,-0.0440079
28,56,17500,-0.0322974
28,57,17500,-0.0203581
28,58,17500,-0.00817965
28,59,17500,0.00424759
28,60,17500,0.016932
28,61,17500,0.0298805
28,62,17500,0.0430989
28,63,17500,0.0565908
28,64,17500,0.0703582
28,65,17500,0.0844006
28,66,17500,0.0987148
28,67,17500,0.113295
28,68,17500,0.128132
28,69,17500,0.143212
28,70,17500,0.158518
28,71,17500,0.174027
28,72,17500,0.189713
28,73,17500,0.205541
28,74,17500,0.221472
28,75,17500,0.237459
28,76,17500,0.253447
28,77,17500,0.269373
28,78,17500,0.285164
28,79,17500,0.300739
28,80,17500,0.316008
28,81,17500,0.330867
28,82,17500,0.345207
28,83,17500,0.358904
28,84,17500,0.371827
28,85,17500,0.383837
28,86,17500,0.394783
28,87,17500,0.404512
28,88,17500,0.412864
28,89,17500,0.419678
28,90,17500,0.424793
28,91,17500,0.428053
28,92,17500,0.429311
28,93,17500,0.42843
28,94,17500,0.425295
28,95,17500,0.41979
28,96,17500,0.411909
28,97,17500,0.401298
28,98,17500,0.3893
28,99,17500,0.369884
28,100,17500,0.369884
29,0,17500,-0.392639
29,1,17500,-0.392639
29,2,17500,-0.408188
29,3,17500,-0.4181
29,4,17500,-0.427135
29,5,17500,-0.434227
29,6,17500,-0.439657
29,7,17500,-0.443429
29,8,17500,-0.44563
29,9,17500,-0.446349
29,10,17500,-0.445689
29,11,17500,-0.443756
29,12,17500,-0.440666
29,13,17500,-0.436531
29,14,17500,-0.431465
29,15,17500,-0.425577
29,16,17500,-0.418973
29,17,17500,-0.41175
29,18,17500,-0.404
29,19,17500,-0.395807
29,20,17500,-0.387246
29,21,17500,-0.378385
29,22,17500,-0.369286
29,23,17500,-0.359998
29,24,17500,-0.35057
29,25,17500,-0.341038
29,26,17500,-0.331435
29,27,17500,-0.321787
29,28,17500,-0.312117
29,29,17500,-0.30244
29,30,17500,-0.29277
29,31,17500,-0.283114
29,32,17500,-0.273478
29,33,17500,-0.263865
29,34,17500,-0.254274
29,35,17500,-0.244703
29,36,17500,-0.235147
29,37,17500,-0.225601
29,38,17500,-0.216057
29,39,17500,-0.206506
29,40,17500,-0.196939
29,41,17500,-0.187346
29,42,17500,-0.177715
29,43,17500,-0.168035
29,44,17500,-0.158293
29,45,17500,-0.148478
29,46,17500,-0.138576
29,47,17500,-0.128575
29,48,17500,-0.118462
29,49,17500,-0.108225
29,50,17500,-0.0978505
29,51,17500,-0.0873264
29,52,17500,-0.0766405
29,53,17500,-0.0657812
29,54,17500,-0.0547371
29,55,17500,-0.0434974
29,56,17500,-0.0320521
29,57,17500,-0.0203917
29,58,17500,-0.00850792
29,59,17500,0.00360674
29,60,17500,0.0159584
29,61,17500,0.028552
29,62,17500,0.0413906
29,63,17500,0.0544758
29,64,17500,0.0678068
29,65,17500,0.0813807
29,66,17500,0.0951918
29,67,17500,0.109232
29,68,17500,0.123488
29,69,17500,0.137946
29,70,17500,0.152584
29,71,17500,0.16738
29,72,17500,0.182302
29,73,17500,0.197317
29,74,17500,0.212382
29,75,17500,0.227449
29,76,17500,0.242465
29,77,17500,0.257365
29,78,17500,0.27208
29,79,17500,0.286529
29,80,17500,0.300627
29,81,17500,0.314276
29,82,17500,0.327371
29,83,17500,0.339798
29,84,17500,0.351438
29,85,17500,0.36216
29,86,17500,0.371831
29,87,17500,0.380312
29,88,17500,0.387461
29,89,17500,0.393137
29,90,17500,0.3972
29,91,17500,0.399515
29,92,17500,0.399958
29,93,17500,0.398412
29,94,17500,0.394783
29,95,17500,0.388973
29,96,17500,0.380989
29,97,17500,0.370501
29,98,17500,0.3588
29,99,17500,0.34012
29,100,17500,0.34012
30,0,17500,-0.368835
30,1,17500,-0.368835
30,2,17500,-0.383731
30,3,17500,-0.393331
30,4,17500,-0.402173
30,5,17500,-0.409238
30,6,17500,-0.414787
30,7,17500,-0.418818
30,8,17500,-0.421404
30,9,17500,-0.422621
30,10,17500,-0.422554
30,11,17500,-0.421298
30,12,17500,-0.418951
30,13,17500,-0.415611
30,14,17500,-0.411378
30,15,17500,-0.406348
30,16,17500,-0.400616
30,17,17500,-0.394269
30,18,17500,-0.387389
30,19,17500,-0.380054
30,20,17500,-0.372333
30,21,17500,-0.364289
30,22,17500,-0.355979
30,23,17500,-0.347451
30,24,17500,-0.338749
30,25,17500,-0.329911
30,26,17500,-0.320968
30,27,17500,-0.311946
30,28,17500,-0.302868
30,29,17500,-0.293751
30,30,17500,-0.284608
30,31,17500,-0.275449
30,32,17500,-0.266281
30,33,17500,-0.257108
30,34,17500,-0.247931
30,35,17500,-0.23875
30,36,17500,-0.229561
30,37,17500,-0.220361
30,38,17500,-0.211145
30,39,17500,-0.201904
30,40,17500,-0.192632
30,41,17500,-0.18332
30,42,17500,-0.173958
30,43,17500,-0.164536
30,44,17500,-0.155044
30,45,17500,-0.145471
30,46,17500,-0.135807
30,47,17500,-0.126039
30,48,17500,-0.116158
30,49,17500,-0.106152
30,50,17500,-0.0960091
30,51,17500,-0.0857199
30,52,17500,-0.0752735
30,53,17500,-0.0646598
30,54,17500,-0.0538693
30,55,17500,-0.042893
30,56,17500,-0.0317225
30,57,17500,-0.0203505
30,58,17500,-0.00877048
30,59,17500,0.00302306
30,60,17500,0.0150342
30,61,17500,0.0272657
30,62,17500,0.0397187
30,63,17500,0.0523922
30,64,17500,0.0652836
30,65,17500,0.0783875
30,66,17500,0.091696
30,67,17500,0.105198
30,68,17500,0.11888
30,69,17500,0.132724
30,70,17500,0.146708
30,71,17500,0.160806
30,72,17500,0.174986
30,73,17500,0.189213
30,74,17500,0.203444
30,75,17500,0.217631
30,76,17500,0.231719
30,77,17500,0.245646
30,78,17500,0.259344
30,79,17500,0.272737
30,80,17500,0.285742
30,81,17500,0.298266
30,82,17500,0.310211
30,83,17500,0.321473
30,84,17500,0.33194
30,85,17500,0.341495
30,86,17500,0.350016
30,87,17500,0.357379
30,88,17500,0.363458
30,89,17500,0.36813
30,90,17500,0.371272
30,91,17500,0.372769
30,92,17500,0.372513
30,93,17500,0.370407
30,94,17500,0.366373
30,95,17500,0.360328
30,96,17500,0.352289
30,97,17500,0.341946
30,98,17500,0.330541
30,99,17500,0.312557
30,100,17500,0.312557
31,0,17500,-0.346555
31,1,17500,-0.346555
31,2,17500,-0.36085
31,3,17500,-0.370155
31,4,17500,-0.378803
31,5,17500,-0.385819
31,6,17500,-0.391448
31,7,17500,-0.395682
31,8,17500,-0.398584
31,9,17500,-0.400218
31,10,17500,-0.400658
31,11,17500,-0.399984
31,12,17500,-0.398281
31,13,17500,-0.395637
31,14,17500,-0.392138
31,15,17500,-0.387869
31,16,17500,-0.382915
31,17,17500,-0.377353
31,18,17500,-0.37126
31,19,17500,-0.364703
31,20,17500,-0.357748
31,21,17500,-0.350453
31,22,17500,-0.34287
31,23,17500,-0.335045
31,24,17500,-0.32702
31,25,17500,-0.318831
31,26,17500,-0.310508
31,27,17500,-0.302077
31,28,17500,-0.293562
31,29,17500,-0.284978
31,30,17500,-0.27634
31,31,17500,-0.267659
31,32,17500,-0.258943
31,33,17500,-0.250198
31,34,17500,-0.241425
31,35,17500,-0.232625
31,36,17500,-0.223798
31,37,17500,-0.214941
31,38,17500,-0.20605
31,39,17500,-0.197119
31,40,17500,-0.188143
31,41,17500,-0.179113
31,42,17500,-0.170023
31,43,17500,-0.160863
31,44,17500,-0.151626
31,45,17500,-0.142302
31,46,17500,-0.132881
31,47,17500,-0.123354
31,48,17500,-0.113711
31,49,17500,-0.103943
31,50,17500,-0.094041
31,51,17500,-0.0839949
31,52,17500,-0.0737962
31,53,17500,-0.0634365
31,54,17500,-0.052908
31,55,17500,-0.0422032
31,56,17500,-0.0313158
31,57,17500,-0.0202399
31,58,17500,-0.00897089
31,59,17500,0.00249479
31,60,17500,0.0141594
31,61,17500,0.0260237
31,62,17500,0.0380869
31,63,17500,0.0503461
31,64,17500,0.0627965
31,65,17500,0.0754308
31,66,17500,0.0882393
31,67,17500,0.101209
31,68,17500,0.114324
31,69,17500,0.127565
31,70,17500,0.140909
31,71,17500,0.154327
31,72,17500,0.167788
31,73,17500,0.181254
31,74,17500,0.194683
31,75,17500,0.208028
31,76,17500,0.221233
31,77,17500,0.234239
31,78,17500,0.246979
31,79,17500,0.259381
31,80,17500,0.271365
31,81,17500,0.282845
31,82,17500,0.29373
31,83,17500,0.303922
31,84,17500,0.313319
31,85,17500,0.321814
31,86,17500,0.329298
31,87,17500,0.335659
31,88,17500,0.340787
31,89,17500,0.344572
31,90,17500,0.346907
31,91,17500,0.347694
31,92,17500,0.34684
31,93,17500,0.344263
31,94,17500,0.339898
31,95,17500,0.333676
31,96,17500,0.32562
31,97,17500,0.315441
31,98,17500,0.30433
31,99,17500,0.287001
31,100,17500,0.287001
32,0,17500,-0.325669
32,1,17500,-0.325669
32,2,17500,-0.33941
32,3,17500,-0.348435
32,4,17500,-0.356889
32,5,17500,-0.363839
32,6,17500,-0.369517
32,7,17500,-0.373908
32,8,17500,-0.377069
32,9,17500,-0.379052
32,10,17500,-0.379923
32,11,17500,-0.379751
32,12,17500,-0.378608
32,13,17500,-0.376573
32,14,17500,-0.37372
32,15,17500,-0.370126
32,16,17500,-0.365865
32,17,17500,-0.361009
32,18,17500,-0.355624
32,19,17500,-0.349774
32,20,17500,-0.343517
32,21,17500,-0.336907
32,22,17500,-0.329993
32,23,17500,-0.322819
32,24,17500,-0.315423
32,25,17500,-0.307839
32,26,17500,-0.300098
32,27,17500,-0.292225
32,28,17500,-0.284241
32,29,17500,-0.276164
32,30,17500,-0.268009
32,31,17500,-0.259787
32,32,17500,-0.251506
32,33,17500,-0.243174
32,34,17500,-0.234794
32,35,17500,-0.226368
32,36,17500,-0.217895
32,37,17500,-0.209376
32,38,17500,-0.200807
32,39,17500,-0.192184
32,40,17500,-0.183502
32,41,17500,-0.174756
32,42,17500,-0.165939
32,43,17500,-0.157045
32,44,17500,-0.148066
32,45,17500,-0.138994
32,46,17500,-0.129821
32,47,17500,-0.12054
32,48,17500,-0.111142
32,49,17500,-0.101619
32,50,17500,-0.0919629
32,51,17500,-0.0821665
32,52,17500,-0.0722225
32,53,17500,-0.0621237
32,54,17500,-0.051864
32,55,17500,-0.0414376
32,56,17500,-0.0308395
32,57,17500,-0.0200659
32,58,17500,-0.00911362
32,59,17500,0.00201913
32,60,17500,0.0133329
32,61,17500,0.0248266
32,62,17500,0.0364977
32,63,17500,0.0483416
32,64,17500,0.0603516
32,65,17500,0.0725187
32,66,17500,0.0848315
32,67,17500,0.0972754
32,68,17500,0.109833
32,69,17500,0.122483
32,70,17500,0.135202
32,71,17500,0.14796
32,72,17500,0.160725
32,73,17500,0.173459
32,74,17500,0.186119
32,75,17500,0.198659
32,76,17500,0.211026
32,77,17500,0.22316
32,78,17500,0.234999
32,79,17500,0.246472
32,80,17500,0.257505
32,81,17500,0.268018
32,82,17500,0.277924
32,83,17500,0.287134
32,84,17500,0.295554
32,85,17500,0.303087
32,86,17500,0.309635
32,87,17500,0.315099
32,88,17500,0.319379
32,89,17500,0.322379
32,90,17500,0.324008
32,91,17500,0.324178
32,92,17500,0.322812
32,93,17500,0.31984
32,94,17500,0.315208
32,95,17500,0.308857
32,96,17500,0.300817
32,97,17500,0.290813
32,98,17500,0.279994
32,99,17500,0.263285
32,100,17500,0.263285
33,0,17500,-0.306061
33,1,17500,-0.306061
33,2,17500,-0.319292
33,3,17500,-0.32805
33,4,17500,-0.336314
33,5,17500,-0.343186
33,6,17500,-0.348886
33,7,17500,-0.353397
33,8,17500,-0.356768
33,9,17500,-0.359044
33,10,17500,-0.360281
33,11,17500,-0.36054
33,12,17500,-0.359884
33,13,17500,-0.358381
33,14,17500,-0.356099
33,15,17500,-0.353103
33,16,17500,-0.349462
33,17,17500,-0.345237
33,18,17500,-0.340491
33,19,17500,-0.335281
33,20,17500,-0.32966
33,21,17500,-0.323678
33,22,17500,-0.317379
33,23,17500,-0.310805
33,24,17500,-0.303993
33,25,17500,-0.296974
33,26,17500,-0.289777
33,27,17500,-0.282427
33,28,17500,-0.274946
33,29,17500,-0.26735
33,30,17500,-0.259654
33,31,17500,-0.251871
33,32,17500,-0.244009
33,33,17500,-0.236076
33,34,17500,-0.228076
33,35,17500,-0.220013
33,36,17500,-0.211887
33,37,17500,-0.203699
33,38,17500,-0.195447
33,39,17500,-0.187129
33,40,17500,-0.17874
33,41,17500,-0.170277
33,42,17500,-0.161734
33,43,17500,-0.153106
33,44,17500,-0.144387
33,45,17500,-0.135571
33,46,17500,-0.12665
33,47,17500,-0.117618
33,48,17500,-0.108469
33,49,17500,-0.0991957
33,50,17500,-0.0897915
33,51,17500,-0.0802503
33,52,17500,-0.0705662
33,53,17500,-0.0607339
33,54,17500,-0.0507484
33,55,17500,-0.0406056
33,56,17500,-0.030302
33,57,17500,-0.0198353
33,58,17500,-0.00920386
33,59,17500,0.00159247
33,60,17500,0.0125526
33,61,17500,0.023674
33,62,17500,0.0349524
33,63,17500,0.0463816
33,64,17500,0.0579533
33,65,17500,0.0696572
33,66,17500,0.0814802
33,67,17500,0.0934065
33,68,17500,0.105417
33,69,17500,0.117491
33,70,17500,0.129601
33,71,17500,0.14172
33,72,17500,0.153813
33,73,17500,0.165842
33,74,17500,0.177767
33,75,17500,0.189541
33,76,17500,0.201111
33,77,17500,0.212422
33,78,17500,0.223413
33,79,17500,0.234018
33,80,17500,0.244165
33,81,17500,0.25378
33,82,17500,0.262783
33,83,17500,0.271092
33,84,17500,0.278621
33,85,17500,0.285281
33,86,17500,0.290985
33,87,17500,0.295643
33,88,17500,0.299168
33,89,17500,0.301475
33,90,17500,0.302484
33,91,17500,0.30212
33,92,17500,0.300316
33,93,17500,0.297013
33,94,17500,0.292167
33,95,17500,0.285729
33,96,17500,0.27773
33,97,17500,0.267912
33,98,17500,0.257379
33,99,17500,0.241259
33,100,17500,0.241259
34,0,17500,-0.287631
34,1,17500,-0.287631
34,2,17500,-0.300389
34,3,17500,-0.308895
34,4,17500,-0.316971
34,5,17500,-0.323756
34,6,17500,-0.329458
34,7,17500,-0.334057
34,8,17500,-0.337598
34,9,17500,-0.340118
34,10,17500,-0.341667
34,11,17500,-0.342297
34,12,17500,-0.342064
34,13,17500,-0.341028
34,14,17500,-0.339247
34,15,17500,-0.336783
34,16,17500,-0.333693
34,17,17500,-0.330036
34,18,17500,-0.325866
34,19,17500,-0.321235
34,20,17500,-0.316192
34,21,17500,-0.310783
34,22,17500,-0.30505
34,23,17500,-0.29903
34,24,17500,-0.292758
34,25,17500,-0.286265
34,26,17500,-0.279577
34,27,17500,-0.272719
34,28,17500,-0.265711
34,29,17500,-0.25857
34,30,17500,-0.251311
34,31,17500,-0.243947
34,32,17500,-0.236486
34,33,17500,-0.228937
34,34,17500,-0.221305
34,35,17500,-0.213594
34,36,17500,-0.205807
34,37,17500,-0.197943
34,38,17500,-0.190002
34,39,17500,-0.181984
34,40,17500,-0.173885
34,41,17500,-0.165703
34,42,17500,-0.157434
34,43,17500,-0.149072
34,44,17500,-0.140614
34,45,17500,-0.132055
34,46,17500,-0.123388
34,47,17500,-0.114609
34,48,17500,-0.105712
34,49,17500,-0.0966919
34,50,17500,-0.0875433
34,51,17500,-0.0782613
34,52,17500,-0.0688415
34,53,17500,-0.0592797
34,54,17500,-0.0495726
34,55,17500,-0.0397173
34,56,17500,-0.0297118
34,57,17500,-0.0195551
34,58,17500,-0.00924725
34,59,17500,0.00121062
34,60,17500,0.011816
34,61,17500,0.0225647
34,62,17500,0.0334512
34,63,17500,0.0444678
34,64,17500,0.0556051
34,65,17500,0.0668511
34,66,17500,0.0781916
34,67,17500,0.0896099
34,68,17500,0.101086
34,69,17500,0.112597
34,70,17500,0.124117
34,71,17500,0.135617
34,72,17500,0.147063
34,73,17500,0.158417
34,74,17500,0.169639
34,75,17500,0.180683
34,76,17500,0.191499
34,77,17500,0.202034
34,78,17500,0.212228
34,79,17500,0.22202
34,80,17500,0.231342
34,81,17500,0.240126
34,82,17500,0.248297
34,83,17500,0.255779
34,84,17500,0.262494
34,85,17500,0.268362
34,86,17500,0.273303
34,87,17500,0.277239
34,88,17500,0.28009
34,89,17500,0.281784
34,90,17500,0.28225
34,91,17500,0.281422
34,92,17500,0.279245
34,93,17500,0.275668
34,94,17500,0.270654
34,95,17500,0.264161
34,96,17500,0.256225
34,97,17500,0.2466
34,98,17500,0.236349
34,99,17500,0.220789
34,100,17500,0.220789
35,0,17500,-0.270292
35,1,17500,-0.270292
35,2,17500,-0.28261
35,3,17500,-0.290876
35,4,17500,-0.298769
35,5,17500,-0.305459
35,6,17500,-0.311146
35,7,17500,-0.315808
35,8,17500,-0.319484
35,9,17500,-0.322208
35,10,17500,-0.324021
35,11,17500,-0.32497
35,12,17500,-0.325105
35,13,17500,-0.324477
35,14,17500,-0.323139
35,15,17500,-0.321145
35,16,17500,-0.318548
35,17,17500,-0.315399
35,18,17500,-0.311748
35,19,17500,-0.307642
35,20,17500,-0.303125
35,21,17500,-0.298241
35,22,17500,-0.293026
35,23,17500,-0.287517
35,24,17500,-0.281746
35,25,17500,-0.275741
35,26,17500,-0.269528
35,27,17500,-0.26313
35,28,17500,-0.256568
35,29,17500,-0.249857
35,30,17500,-0.243013
35,31,17500,-0.236047
35,32,17500,-0.22897
35,33,17500,-0.22179
35,34,17500,-0.214513
35,35,17500,-0.207143
35,36,17500,-0.199683
35,37,17500,-0.192136
35,38,17500,-0.184501
35,39,17500,-0.176777
35,40,17500,-0.168965
35,41,17500,-0.161061
35,42,17500,-0.153063
35,43,17500,-0.144967
35,44,17500,-0.13677
35,45,17500,-0.128468
35,46,17500,-0.120057
35,47,17500,-0.111532
35,48,17500,-0.102889
35,49,17500,-0.0941248
35,50,17500,-0.0852344
35,51,17500,-0.0762145
35,52,17500,-0.0670618
35,53,17500,-0.0577736
35,54,17500,-0.0483476
35,55,17500,-0.0387824
35,56,17500,-0.0290774
35,57,17500,-0.0192327
35,58,17500,-0.00924973
35,59,17500,0.000868991
35,60,17500,0.0111196
35,61,17500,0.0214968
35,62,17500,0.0319936
35,63,17500,0.0426012
35,64,17500,0.0533089
35,65,17500,0.0641037
35,66,17500,0.0749704
35,67,17500,0.0858912
35,68,17500,0.0968457
35,69,17500,0.10781
35,70,17500,0.118759
35,71,17500,0.129661
35,72,17500,0.140485
35,73,17500,0.151192
35,74,17500,0.161743
35,75,17500,0.172094
35,76,17500,0.182196
35,77,17500,0.191999
35,78,17500,0.201445
35,79,17500,0.210478
35,80,17500,0.219033
35,81,17500,0.227047
35,82,17500,0.23445
35,83,17500,0.241173
35,84,17500,0.247146
35,85,17500,0.252294
35,86,17500,0.256547
35,87,17500,0.259834
35,88,17500,0.262086
35,89,17500,0.263237
35,90,17500,0.263227
35,91,17500,0.261998
35,92,17500,0.259503
35,93,17500,0.255699
35,94,17500,0.250556
35,95,17500,0.244038
35,96,17500,0.236182
35,97,17500,0.226755
35,98,17500,0.216781
35,99,17500,0.201754
35,100,17500,0.201754
36,0,17500,-0.253965
36,1,17500,-0.253965
36,2,17500,-0.265872
36,3,17500,-0.27391
36,4,17500,-0.281625
36,5,17500,-0.288216
36,6,17500,-0.293874
36,7,17500,-0.298577
36,8,17500,-0.30236
36,9,17500,-0.305251
36,10,17500,-0.307288
36,11,17500,-0.308512
36,12,17500,-0.308965
36,13,17500,-0.308695
36,14,17500,-0.307748
36,15,17500,-0.306171
36,16,17500,-0.304013
36,17,17500,-0.30132
36,18,17500,-0.298136
36,19,17500,-0.294505
36,20,17500,-0.290467
36,21,17500,-0.286061
36,22,17500,-0.281322
36,23,17500,-0.276283
36,24,17500,-0.270975
36,25,17500,-0.265424
36,26,17500,-0.259654
36,27,17500,-0.253687
36,28,17500,-0.247544
36,29,17500,-0.241239
36,30,17500,-0.234787
36,31,17500,-0.228201
36,32,17500,-0.221491
36,33,17500,-0.214664
36,34,17500,-0.207728
36,35,17500,-0.200687
36,36,17500,-0.193546
36,37,17500,-0.186306
36,38,17500,-0.178969
36,39,17500,-0.171535
36,40,17500,-0.164004
36,41,17500,-0.156375
36,42,17500,-0.148645
36,43,17500,-0.140813
36,44,17500,-0.132876
36,45,17500,-0.124831
36,46,17500,-0.116675
36,47,17500,-0.108405
36,48,17500,-0.100018
36,49,17500,-0.0915107
36,50,17500,-0.0828802
36,51,17500,-0.0741241
36,52,17500,-0.0652404
36,53,17500,-0.0562275
36,54,17500,-0.0470844
36,55,17500,-0.0378108
36,56,17500,-0.0284072
36,57,17500,-0.0188752
36,58,17500,-0.00921735
36,59,17500,0.000562763
36,60,17500,0.01046
36,61,17500,0.020468
36,62,17500,0.0305785
36,63,17500,0.0407818
36,64,17500,0.0510661
36,65,17500,0.0614175
36,66,17500,0.0718199
36,67,17500,0.082255
36,68,17500,0.0927017
36,69,17500,0.103136
36,70,17500,0.113532
36,71,17500,0.123859
36,72,17500,0.134085
36,73,17500,0.144174
36,74,17500,0.154086
36,75,17500,0.163779
36,76,17500,0.173206
36,77,17500,0.182319
36,78,17500,0.191065
36,79,17500,0.199388
36,80,17500,0.20723
36,81,17500,0.21453
36,82,17500,0.221226
36,83,17500,0.227254
36,84,17500,0.232548
36,85,17500,0.237044
36,86,17500,0.240675
36,87,17500,0.24338
36,88,17500,0.245097
36,89,17500,0.245769
36,90,17500,0.245341
36,91,17500,0.243766
36,92,17500,0.241002
36,93,17500,0.237013
36,94,17500,0.231774
36,95,17500,0.225254
36,96,17500,0.217493
36,97,17500,0.208267
36,98,17500,0.198565
36,99,17500,0.184047
36,100,17500,0.184047
37,0,17500,-0.23858
37,1,17500,-0.23858
37,2,17500,-0.250104
37,3,17500,-0.257925
37,4,17500,-0.265465
37,5,17500,-0.271953
37,6,17500,-0.277572
37,7,17500,-0.282298
37,8,17500,-0.286163
37,9,17500,-0.289192
37,10,17500,-0.291418
37,11,17500,-0.292877
37,12,17500,-0.293607
37,13,17500,-0.293649
37,14,17500,-0.293046
37,15,17500,-0.29184
37,16,17500,-0.290074
37,17,17500,-0.287789
37,18,17500,-0.285026
37,19,17500,-0.281825
37,20,17500,-0.278222
37,21,17500,-0.274253
37,22,17500,-0.26995
37,23,17500,-0.265345
37,24,17500,-0.260464
37,25,17500,-0.255333
37,26,17500,-0.249976
37,27,17500,-0.244413
37,28,17500,-0.238662
37,29,17500,-0.23274
37,30,17500,-0.22666
37,31,17500,-0.220434
37,32,17500,-0.214073
37,33,17500,-0.207584
37,34,17500,-0.200976
37,35,17500,-0.194253
37,36,17500,-0.187419
37,37,17500,-0.180478
37,38,17500,-0.173431
37,39,17500,-0.166281
37,40,17500,-0.159026
37,41,17500,-0.151667
37,42,17500,-0.144202
37,43,17500,-0.136632
37,44,17500,-0.128953
37,45,17500,-0.121164
37,46,17500,-0.113263
37,47,17500,-0.105247
37,48,17500,-0.0971155
37,49,17500,-0.0888655
37,50,17500,-0.0804954
37,51,17500,-0.0720039
37,52,17500,-0.0633899
37,53,17500,-0.054653
37,54,17500,-0.0457934
37,55,17500,-0.0368117
37,56,17500,-0.0277097
37,57,17500,-0.01849
37,58,17500,-0.00915614
37,59,17500,0.000287045
37,60,17500,0.00983347
37,61,17500,0.0194756
37,62,17500,0.0292045
37,63,17500,0.0390092
37,64,17500,0.0488772
37,65,17500,0.058794
37,66,17500,0.0687427
37,67,17500,0.0787045
37,68,17500,0.088658
37,69,17500,0.0985791
37,70,17500,0.108441
37,71,17500,0.118215
37,72,17500,0.127869
37,73,17500,0.137367
37,74,17500,0.146671
37,75,17500,0.15574
37,76,17500,0.16453
37,77,17500,0.172994
37,78,17500,0.181083
37,79,17500,0.188744
37,80,17500,0.195923
37,81,17500,0.202564
37,82,17500,0.208608
37,83,17500,0.213998
37,84,17500,0.218673
37,85,17500,0.222575
37,86,17500,0.225646
37,87,17500,0.227828
37,88,17500,0.229069
37,89,17500,0.229316
37,90,17500,0.228524
37,91,17500,0.22665
37,92,17500,0.22366
37,93,17500,0.219521
37,94,17500,0.214215
37,95,17500,0.207714
37,96,17500,0.20006
37,97,17500,0.191038
37,98,17500,0.181601
37,99,17500,0.167571
37,100,17500,0.167571
38,0,17500,-0.224076
38,1,17500,-0.224076
38,2,17500,-0.23524
38,3,17500,-0.242853
38,4,17500,-0.250225
38,5,17500,-0.256607
38,6,17500,-0.262178
38,7,17500,-0.266912
38,8,17500,-0.270838
38,9,17500,-0.273979
38,10,17500,-0.276363
38,11,17500,-0.278023
38,12,17500,-0.278993
38,13,17500,-0.279309
38,14,17500,-0.279009
38,15,17500,-0.278132
38,16,17500,-0.276715
38,17,17500,-0.274796
38,18,17500,-0.272413
38,19,17500,-0.269601
38,20,17500,-0.266393
38,21,17500,-0.262823
38,22,17500,-0.25892
38,23,17500,-0.254712
38,24,17500,-0.250227
38,25,17500,-0.245487
38,26,17500,-0.240514
38,27,17500,-0.235327
38,28,17500,-0.229945
38,29,17500,-0.224383
38,30,17500,-0.218654
38,31,17500,-0.21277
38,32,17500,-0.206741
38,33,17500,-0.200575
38,34,17500,-0.194281
38,35,17500,-0.187863
38,36,17500,-0.181327
38,37,17500,-0.174676
38,38,17500,-0.167912
38,39,17500,-0.161037
38,40,17500,-0.154052
38,41,17500,-0.146958
38,42,17500,-0.139755
38,43,17500,-0.132442
38,44,17500,-0.125019
38,45,17500,-0.117484
38,46,17500,-0.109836
38,47,17500,-0.102074
38,48,17500,-0.0941969
38,49,17500,-0.0862038
38,50,17500,-0.0780939
38,51,17500,-0.0698667
38,52,17500,-0.0615223
38,53,17500,-0.0530613
38,54,17500,-0.0444846
38,55,17500,-0.0357942
38,56,17500,-0.0269928
38,57,17500,-0.0180838
38,58,17500,-0.00907198
38,59,17500,3.69934e-05
38,60,17500,0.00923609
38,61,17500,0.0185169
38,62,17500,0.0278695
38,63,17500,0.0372825
38,64,17500,0.0467424
38,65,17500,0.0562341
38,66,17500,0.0657405
38,67,17500,0.0752421
38,68,17500,0.0847174
38,69,17500,0.0941425
38,70,17500,0.103491
38,71,17500,0.112734
38,72,17500,0.121839
38,73,17500,0.130774
38,74,17500,0.1395
38,75,17500,0.147978
38,76,17500,0.156167
38,77,17500,0.164021
38,78,17500,0.171495
38,79,17500,0.178539
38,80,17500,0.185102
38,81,17500,0.191132
38,82,17500,0.196577
38,83,17500,0.201381
38,84,17500,0.205492
38,85,17500,0.208855
38,86,17500,0.211419
38,87,17500,0.213133
38,88,17500,0.213949
38,89,17500,0.213822
38,90,17500,0.212712
38,91,17500,0.210581
38,92,17500,0.207401
38,93,17500,0.203144
38,94,17500,0.197795
38,95,17500,0.191331
38,96,17500,0.183793
38,97,17500,0.174976
38,98,17500,0.1658
38,99,17500,0.152236
38,100,17500,0.152236
39,0,17500,-0.210397
39,1,17500,-0.210397
39,2,17500,-0.221222
39,3,17500,-0.228638
39,4,17500,-0.235844
39,5,17500,-0.24212
39,6,17500,-0.247634
39,7,17500,-0.252364
39,8,17500,-0.256333
39,9,17500,-0.259564
39,10,17500,-0.262081
39,11,17500,-0.263912
39,12,17500,-0.265089
39,13,17500,-0.265644
39,14,17500,-0.265612
39,15,17500,-0.265026
39,16,17500,-0.26392
39,17,17500,-0.26233
39,18,17500,-0.260289
39,19,17500,-0.257828
39,20,17500,-0.25498
39,21,17500,-0.251773
39,22,17500,-0.248237
39,23,17500,-0.244396
39,24,17500,-0.240275
39,25,17500,-0.235896
39,26,17500,-0.231281
39,27,17500,-0.226446
39,28,17500,-0.22141
39,29,17500,-0.216186
39,30,17500,-0.210788
39,31,17500,-0.205228
39,32,17500,-0.199515
39,33,17500,-0.193658
39,34,17500,-0.187665
39,35,17500,-0.18154
39,36,17500,-0.175291
39,37,17500,-0.168919
39,38,17500,-0.162429
39,39,17500,-0.155823
39,40,17500,-0.149103
39,41,17500,-0.142269
39,42,17500,-0.135323
39,43,17500,-0.128264
39,44,17500,-0.121092
39,45,17500,-0.113808
39,46,17500,-0.106411
39,47,17500,-0.0989008
39,48,17500,-0.0912769
39,49,17500,-0.0835395
39,50,17500,-0.0756886
39,51,17500,-0.0677247
39,52,17500,-0.0596489
39,53,17500,-0.0514624
39,54,17500,-0.0431675
39,55,17500,-0.0347668
39,56,17500,-0.0262639
39,57,17500,-0.0176633
39,58,17500,-0.00897051
39,59,17500,-0.000192084
39,60,17500,0.00866414
39,61,17500,0.017589
39,62,17500,0.0265718
39,63,17500,0.0356005
39,64,17500,0.0446612
39,65,17500,0.0537383
39,66,17500,0.0628141
39,67,17500,0.0718692
39,68,17500,0.080882
39,69,17500,0.0898285
39,70,17500,0.0986827
39,71,17500,0.107416
39,72,17500,0.115998
39,73,17500,0.124396
39,74,17500,0.132574
39,75,17500,0.140493
39,76,17500,0.148115
39,77,17500,0.155397
39,78,17500,0.162295
39,79,17500,0.168763
39,80,17500,0.174754
39,81,17500,0.18022
39,82,17500,0.185112
39,83,17500,0.18938
39,84,17500,0.192976
39,85,17500,0.195851
39,86,17500,0.197957
39,87,17500,0.199251
39,88,17500,0.199689
39,89,17500,0.199232
39,90,17500,0.197844
39,91,17500,0.195494
39,92,17500,0.192157
39,93,17500,0.187809
39,94,17500,0.182439
39,95,17500,0.176026
39,96,17500,0.168612
39,97,17500,0.160001
39,98,17500,0.151079
39,99,17500,0.137963
39,100,17500,0.137963
40,0,17500,-0.197493
40,1,17500,-0.197493
40,2,17500,-0.207999
40,3,17500,-0.215225
40,4,17500,-0.222271
40,5,17500,-0.228438
40,6,17500,-0.233891
40,7,17500,-0.238604
40,8,17500,-0.242603
40,9,17500,-0.245904
40,10,17500,-0.24853
40,11,17500,-0.250507
40,12,17500,-0.251863
40,13,17500,-0.252628
40,14,17500,-0.25283
40,15,17500,-0.252502
40,16,17500,-0.251674
40,17,17500,-0.250379
40,18,17500,-0.248645
40,19,17500,-0.246503
40,20,17500,-0.243981
40,21,17500,-0.241106
40,22,17500,-0.237905
40,23,17500,-0.234401
40,24,17500,-0.230617
40,25,17500,-0.226574
40,26,17500,-0.22229
40,27,17500,-0.217784
40,28,17500,-0.213071
40,29,17500,-0.208166
40,30,17500,-0.20308
40,31,17500,-0.197827
40,32,17500,-0.192414
40,33,17500,-0.186851
40,34,17500,-0.181145
40,35,17500,-0.175303
40,36,17500,-0.169329
40,37,17500,-0.163228
40,38,17500,-0.157004
40,39,17500,-0.150659
40,40,17500,-0.144196
40,41,17500,-0.137616
40,42,17500,-0.130921
40,43,17500,-0.124112
40,44,17500,-0.117189
40,45,17500,-0.110152
40,46,17500,-0.103003
40,47,17500,-0.095742
40,48,17500,-0.0883691
40,49,17500,-0.0808853
40,50,17500,-0.0732915
40,51,17500,-0.0655891
40,52,17500,-0.0577799
40,53,17500,-0.0498661
40,54,17500,-0.0418507
40,55,17500,-0.0337373
40,56,17500,-0.0255301
40,57,17500,-0.0172346
40,58,17500,-0.00885703
40,59,17500,-0.000404642
40,60,17500,0.00811399
40,61,17500,0.016689
40,62,17500,0.0253093
40,63,17500,0.0339621
40,64,17500,0.0426331
40,65,17500,0.0513064
40,66,17500,0.0599642
40,67,17500,0.0685869
40,68,17500,0.0771528
40,69,17500,0.0856385
40,70,17500,0.0940183
40,71,17500,0.102264
40,72,17500,0.110347
40,73,17500,0.118234
40,74,17500,0.125891
40,75,17500,0.133283
40,76,17500,0.140371
40,77,17500,0.147115
40,78,17500,0.153475
40,79,17500,0.159407
40,80,17500,0.164868
40,81,17500,0.169812
40,82,17500,0.174195
40,83,17500,0.177972
40,84,17500,0.181098
40,85,17500,0.183529
40,86,17500,0.185223
40,87,17500,0.18614
40,88,17500,0.186242
40,89,17500,0.185494
40,90,17500,0.183866
40,91,17500,0.18133
40,92,17500,0.177863
40,93,17500,0.173448
40,94,17500,0.168075
40,95,17500,0.161726
40,96,17500,0.154442
40,97,17500,0.146037
40,98,17500,0.137364
40,99,17500,0.124679
40,100,17500,0.124679
41,0,17500,-0.18532
41,1,17500,-0.18532
41,2,17500,-0.195523
41,3,17500,-0.202567
41,4,17500,-0.209457
41,5,17500,-0.215515
41,6,17500,-0.220901
41,7,17500,-0.22559
41,8,17500,-0.229604
41,9,17500,-0.232958
41,10,17500,-0.235675
41,11,17500,-0.237775
41,12,17500,-0.239285
41,13,17500,-0.240231
41,14,17500,-0.240641
41,15,17500,-0.240541
41,16,17500,-0.239961
41,17,17500,-0.238929
41,18,17500,-0.237473
41,19,17500,-0.235619
41,20,17500,-0.233393
41,21,17500,-0.230822
41,22,17500,-0.227927
41,23,17500,-0.224733
41,24,17500,-0.22126
41,25,17500,-0.217527
41,26,17500,-0.213552
41,27,17500,-0.209352
41,28,17500,-0.204942
41,29,17500,-0.200336
41,30,17500,-0.195545
41,31,17500,-0.190581
41,32,17500,-0.185454
41,33,17500,-0.180171
41,34,17500,-0.17474
41,35,17500,-0.169167
41,36,17500,-0.163459
41,37,17500,-0.157619
41,38,17500,-0.151652
41,39,17500,-0.145561
41,40,17500,-0.139348
41,41,17500,-0.133016
41,42,17500,-0.126567
41,43,17500,-0.120002
41,44,17500,-0.113323
41,45,17500,-0.10653
41,46,17500,-0.099626
41,47,17500,-0.0926107
41,48,17500,-0.0854858
41,49,17500,-0.0782528
41,50,17500,-0.0709136
41,51,17500,-0.0634701
41,52,17500,-0.0559249
41,53,17500,-0.0482811
41,54,17500,-0.0405423
41,55,17500,-0.0327129
41,56,17500,-0.0247979
41,57,17500,-0.0168035
41,58,17500,-0.00873645
41,59,17500,-0.000604833
41,60,17500,0.00758224
41,61,17500,0.0158144
41,62,17500,0.0240799
41,63,17500,0.0323658
41,64,17500,0.0406572
41,65,17500,0.0489382
41,66,17500,0.0571908
41,67,17500,0.0653954
41,68,17500,0.0735306
41,69,17500,0.0815733
41,70,17500,0.0894981
41,71,17500,0.0972782
41,72,17500,0.104885
41,73,17500,0.112286
41,74,17500,0.119451
41,75,17500,0.126344
41,76,17500,0.13293
41,77,17500,0.139171
41,78,17500,0.145027
41,79,17500,0.15046
41,80,17500,0.155428
41,81,17500,0.15989
41,82,17500,0.163806
41,83,17500,0.167132
41,84,17500,0.16983
41,85,17500,0.171859
41,86,17500,0.173181
41,87,17500,0.173761
41,88,17500,0.173565
41,89,17500,0.172562
41,90,17500,0.170725
41,91,17500,0.168031
41,92,17500,0.164461
41,93,17500,0.16
41,94,17500,0.154639
41,95,17500,0.148365
41,96,17500,0.141217
41,97,17500,0.133016
41,98,17500,0.124587
41,99,17500,0.112316
41,100,17500,0.112316
42,0,17500,-0.173836
42,1,17500,-0.173836
42,2,17500,-0.183752
42,3,17500,-0.190621
42,4,17500,-0.197358
42,5,17500,-0.203307
42,6,17500,-0.208622
42,7,17500,-0.213279
42,8,17500,-0.217297
42,9,17500,-0.220691
42,10,17500,-0.22348
42,11,17500,-0.225684
42,12,17500,-0.227326
42,13,17500,-0.22843
42,14,17500,-0.229021
42,15,17500,-0.229124
42,16,17500,-0.228765
42,17,17500,-0.227969
42,18,17500,-0.226762
42,19,17500,-0.225168
42,20,17500,-0.223212
42,21,17500,-0.220917
42,22,17500,-0.218304
42,23,17500,-0.215395
42,24,17500,-0.212208
42,25,17500,-0.208762
42,26,17500,-0.205075
42,27,17500,-0.201161
42,28,17500,-0.197034
42,29,17500,-0.192709
42,30,17500,-0.188196
42,31,17500,-0.183506
42,32,17500,-0.178648
42,33,17500,-0.173631
42,34,17500,-0.168463
42,35,17500,-0.163149
42,36,17500,-0.157695
42,37,17500,-0.152107
42,38,17500,-0.146388
42,39,17500,-0.140543
42,40,17500,-0.134573
42,41,17500,-0.128483
42,42,17500,-0.122274
42,43,17500,-0.115948
42,44,17500,-0.109508
42,45,17500,-0.102955
42,46,17500,-0.0962915
42,47,17500,-0.0895184
42,48,17500,-0.0826381
42,49,17500,-0.0756528
42,50,17500,-0.0685648
42,51,17500,-0.061377
42,52,17500,-0.0540926
42,53,17500,-0.0467153
42,54,17500,-0.0392495
42,55,17500,-0.0317002
42,56,17500,-0.0240732
42,57,17500,-0.016375
42,58,17500,-0.00861325
42,59,17500,-0.000796458
42,60,17500,0.00706573
42,61,17500,0.0149625
42,62,17500,0.0228818
42,63,17500,0.0308101
42,64,17500,0.0387327
42,65,17500,0.0466332
42,66,17500,0.0544938
42,67,17500,0.0622949
42,68,17500,0.0700155
42,69,17500,0.0776327
42,70,17500,0.0851221
42,71,17500,0.0924573
42,72,17500,0.0996104
42,73,17500,0.106552
42,74,17500,0.11325
42,75,17500,0.119673
42,76,17500,0.125787
42,77,17500,0.131555
42,78,17500,0.136942
42,79,17500,0.14191
42,80,17500,0.146422
42,81,17500,0.15044
42,82,17500,0.153924
42,83,17500,0.156839
42,84,17500,0.159146
42,85,17500,0.160811
42,86,17500,0.161798
42,87,17500,0.162077
42,88,17500,0.161616
42,89,17500,0.160389
42,90,17500,0.158374
42,91,17500,0.155548
42,92,17500,0.151897
42,93,17500,0.147407
42,94,17500,0.142073
42,95,17500,0.135882
42,96,17500,0.128874
42,97,17500,0.120876
42,98,17500,0.112685
42,99,17500,0.100813
42,100,17500,0.100813
43,0,17500,-0.163005
43,1,17500,-0.163005
43,2,17500,-0.172647
43,3,17500,-0.179347
43,4,17500,-0.185935
43,5,17500,-0.191776
43,6,17500,-0.197016
43,7,17500,-0.201634
43,8,17500,-0.205646
43,9,17500,-0.209067
43,10,17500,-0.211914
43,11,17500,-0.214204
43,12,17500,-0.215959
43,13,17500,-0.2172
43,14,17500,-0.21795
43,15,17500,-0.218232
43,16,17500,-0.218069
43,17,17500,-0.217485
43,18,17500,-0.216502
43,19,17500,-0.215145
43,20,17500,-0.213433
43,21,17500,-0.21139
43,22,17500,-0.209035
43,23,17500,-0.206387
43,24,17500,-0.203465
43,25,17500,-0.200285
43,26,17500,-0.196864
43,27,17500,-0.193216
43,28,17500,-0.189355
43,29,17500,-0.185293
43,30,17500,-0.181041
43,31,17500,-0.17661
43,32,17500,-0.172009
43,33,17500,-0.167245
43,34,17500,-0.162327
43,35,17500,-0.15726
43,36,17500,-0.152052
43,37,17500,-0.146705
43,38,17500,-0.141226
43,39,17500,-0.135618
43,40,17500,-0.129885
43,41,17500,-0.12403
43,42,17500,-0.118055
43,43,17500,-0.111963
43,44,17500,-0.105757
43,45,17500,-0.0994387
43,46,17500,-0.0930109
43,47,17500,-0.0864758
43,48,17500,-0.0798361
43,49,17500,-0.0730945
43,50,17500,-0.0662541
43,51,17500,-0.0593182
43,52,17500,-0.0522907
43,53,17500,-0.0451759
43,54,17500,-0.0379789
43,55,17500,-0.0307052
43,56,17500,-0.0233611
43,57,17500,-0.0159538
43,58,17500,-0.00849145
43,59,17500,-0.000982932
43,60,17500,0.00656164
43,61,17500,0.0141311
43,62,17500,0.021713
43,63,17500,0.0292938
43,64,17500,0.0368585
43,65,17500,0.0443907
43,66,17500,0.0518726
43,67,17500,0.0592851
43,68,17500,0.0666072
43,69,17500,0.0738166
43,70,17500,0.0808896
43,71,17500,0.0878006
43,72,17500,0.0945228
43,73,17500,0.101028
43,74,17500,0.107286
43,75,17500,0.113266
43,76,17500,0.118935
43,77,17500,0.124262
43,78,17500,0.12921
43,79,17500,0.133747
43,80,17500,0.137836
43,81,17500,0.141443
43,82,17500,0.144532
43,83,17500,0.147069
43,84,17500,0.149021
43,85,17500,0.150356
43,86,17500,0.151042
43,87,17500,0.151051
43,88,17500,0.150357
43,89,17500,0.148935
43,90,17500,0.146766
43,91,17500,0.143832
43,92,17500,0.140119
43,93,17500,0.135617
43,94,17500,0.130321
43,95,17500,0.12422
43,96,17500,0.117355
43,97,17500,0.109559
43,98,17500,0.101601
43,99,17500,0.0901132
43,100,17500,0.0901132
44,0,17500,-0.152792
44,1,17500,-0.152792
44,2,17500,-0.162172
44,3,17500,-0.168709
44,4,17500,-0.175152
44,5,17500,-0.180884
44,6,17500,-0.186047
44,7,17500,-0.19062
44,8,17500,-0.194619
44,9,17500,-0.198056
44,10,17500,-0.200947
44,11,17500,-0.203308
44,12,17500,-0.205158
44,13,17500,-0.206518
44,14,17500,-0.207407
44,15,17500,-0.207847
44,16,17500,-0.207858
44,17,17500,-0.207464
44,18,17500,-0.206683
44,19,17500,-0.205539
44,20,17500,-0.20405
44,21,17500,-0.202236
44,22,17500,-0.200117
44,23,17500,-0.19771
44,24,17500,-0.195032
44,25,17500,-0.192099
44,26,17500,-0.188925
44,27,17500,-0.185526
44,28,17500,-0.181912
44,29,17500,-0.178098
44,30,17500,-0.174092
44,31,17500,-0.169905
44,32,17500,-0.165546
44,33,17500,-0.161023
44,34,17500,-0.156343
44,35,17500,-0.151513
44,36,17500,-0.146539
44,37,17500,-0.141426
44,38,17500,-0.136178
44,39,17500,-0.130799
44,40,17500,-0.125295
44,41,17500,-0.119667
44,42,17500,-0.11392
44,43,17500,-0.108056
44,44,17500,-0.102079
44,45,17500,-0.0959903
44,46,17500,-0.0897938
44,47,17500,-0.0834923
44,48,17500,-0.0770887
44,49,17500,-0.0705866
44,50,17500,-0.0639893
44,51,17500,-0.057301
44,52,17500,-0.050526
44,53,17500,-0.0436692
44,54,17500,-0.0367361
44,55,17500,-0.0297329
44,56,17500,-0.0226663
44,57,17500,-0.0155441
44,58,17500,-0.00837457
44,59,17500,-0.00116727
44,60,17500,0.00606744
44,61,17500,0.0133181
44,62,17500,0.0205721
44,63,17500,0.0278156
44,64,17500,0.0350337
44,65,17500,0.04221
44,66,17500,0.0493269
44,67,17500,0.0563654
44,68,17500,0.0633051
44,69,17500,0.0701242
44,70,17500,0.0767996
44,71,17500,0.0833067
44,72,17500,0.0896196
44,73,17500,0.0957113
44,74,17500,0.101553
44,75,17500,0.107116
44,76,17500,0.112369
44,77,17500,0.117282
44,78,17500,0.121822
44,79,17500,0.125957
44,80,17500,0.129655
44,81,17500,0.132883
44,82,17500,0.135609
44,83,17500,0.137802
44,84,17500,0.139431
44,85,17500,0.140467
44,86,17500,0.140882
44,87,17500,0.140651
44,88,17500,0.139751
44,89,17500,0.13816
44,90,17500,0.13586
44,91,17500,0.132838
44,92,17500,0.12908
44,93,17500,0.12458
44,94,17500,0.119332
44,95,17500,0.113329
44,96,17500,0.106609
44,97,17500,0.0990123
44,98,17500,0.0912825
44,99,17500,0.0801656
44,100,17500,0.0801656
45,0,17500,-0.143166
45,1,17500,-0.143166
45,2,17500,-0.152296
45,3,17500,-0.158674
45,4,17500,-0.164976
45,5,17500,-0.170599
45,6,17500,-0.175683
45,7,17500,-0.180206
45,8,17500,-0.184184
45,9,17500,-0.187628
45,10,17500,-0.190551
45,11,17500,-0.19297
45,12,17500,-0.194901
45,13,17500,-0.196362
45,14,17500,-0.197372
45,15,17500,-0.197951
45,16,17500,-0.198118
45,17,17500,-0.197893
45,18,17500,-0.197294
45,19,17500,-0.196342
45,20,17500,-0.195055
45,21,17500,-0.193451
45,22,17500,-0.191548
45,23,17500,-0.189362
45,24,17500,-0.186909
45,25,17500,-0.184204
45,26,17500,-0.18126
45,27,17500,-0.178092
45,28,17500,-0.174711
45,29,17500,-0.171128
45,30,17500,-0.167354
45,31,17500,-0.163398
45,32,17500,-0.159268
45,33,17500,-0.154974
45,34,17500,-0.150521
45,35,17500,-0.145917
45,36,17500,-0.141168
45,37,17500,-0.136277
45,38,17500,-0.131252
45,39,17500,-0.126096
45,40,17500,-0.120812
45,41,17500,-0.115406
45,42,17500,-0.10988
45,43,17500,-0.104238
45,44,17500,-0.0984833
45,45,17500,-0.0926192
45,46,17500,-0.0866489
45,47,17500,-0.0805759
45,48,17500,-0.0744037
45,49,17500,-0.0681362
45,50,17500,-0.0617774
45,51,17500,-0.0553319
45,52,17500,-0.0488045
45,53,17500,-0.0422007
45,54,17500,-0.0355263
45,55,17500,-0.0287879
45,56,17500,-0.0219929
45,57,17500,-0.0151492
45,58,17500,-0.00826566
45,59,17500,-0.00135205
45,60,17500,0.00558097
45,61,17500,0.0125217
45,62,17500,0.0194575
45,63,17500,0.0263743
45,64,17500,0.0332574
45,65,17500,0.0400903
45,66,17500,0.0468558
45,67,17500,0.0535352
45,68,17500,0.0601085
45,69,17500,0.0665545
45,70,17500,0.0728508
45,71,17500,0.0789737
45,72,17500,0.0848984
45,73,17500,0.0905991
45,74,17500,0.0960486
45,75,17500,0.101219
45,76,17500,0.106082
45,77,17500,0.110608
45,78,17500,0.114767
45,79,17500,0.11853
45,80,17500,0.121866
45,81,17500,0.124745
45,82,17500,0.127137
45,83,17500,0.129015
45,84,17500,0.13035
45,85,17500,0.131117
45,86,17500,0.131289
45,87,17500,0.130845
45,88,17500,0.129763
45,89,17500,0.128026
45,90,17500,0.125617
45,91,17500,0.122525
45,92,17500,0.118738
45,93,17500,0.114251
45,94,17500,0.109061
45,95,17500,0.10316
45,96,17500,0.0965875
45,97,17500,0.0891879
45,98,17500,0.0816804
45,99,17500,0.070922
45,100,17500,0.070922
46,0,17500,-0.134099
46,1,17500,-0.134099
46,2,17500,-0.142987
46,3,17500,-0.149213
46,4,17500,-0.155376
46,5,17500,-0.16089
46,6,17500,-0.165894
46,7,17500,-0.170363
46,8,17500,-0.174314
46,9,17500,-0.177755
46,10,17500,-0.180701
46,11,17500,-0.183165
46,12,17500,-0.185163
46,13,17500,-0.186711
46,14,17500,-0.187827
46,15,17500,-0.188528
46,16,17500,-0.188833
46,17,17500,-0.188759
46,18,17500,-0.188324
46,19,17500,-0.187546
46,20,17500,-0.186442
46,21,17500,-0.185029
46,22,17500,-0.183324
46,23,17500,-0.181341
46,24,17500,-0.179095
46,25,17500,-0.176601
46,26,17500,-0.173872
46,27,17500,-0.170919
46,28,17500,-0.167754
46,29,17500,-0.164389
46,30,17500,-0.160833
46,31,17500,-0.157094
46,32,17500,-0.153182
46,33,17500,-0.149105
46,34,17500,-0.144869
46,35,17500,-0.14048
46,36,17500,-0.135945
46,37,17500,-0.13127
46,38,17500,-0.126458
46,39,17500,-0.121515
46,40,17500,-0.116446
46,41,17500,-0.111254
46,42,17500,-0.105943
46,43,17500,-0.100516
46,44,17500,-0.0949786
46,45,17500,-0.0893331
46,46,17500,-0.0835836
46,47,17500,-0.0777338
46,48,17500,-0.0717878
46,49,17500,-0.0657498
46,50,17500,-0.0596244
46,51,17500,-0.0534165
46,52,17500,-0.0471315
46,53,17500,-0.040775
46,54,17500,-0.0343536
46,55,17500,-0.0278741
46,56,17500,-0.0213441
46,57,17500,-0.0147722
46,58,17500,-0.00816728
46,59,17500,-0.00153946
46,60,17500,0.0051004
46,61,17500,0.0117405
46,62,17500,0.018368
46,63,17500,0.0249691
46,64,17500,0.0315288
46,65,17500,0.0380311
46,66,17500,0.0444588
46,67,17500,0.0507938
46,68,17500,0.0570164
46,69,17500,0.0631062
46,70,17500,0.0690415
46,71,17500,0.0747995
46,72,17500,0.0803564
46,73,17500,0.0856876
46,74,17500,0.0907673
46,75,17500,0.0955692
46,76,17500,0.100066
46,77,17500,0.104231
46,78,17500,0.108036
46,79,17500,0.111453
46,80,17500,0.114454
46,81,17500,0.117012
46,82,17500,0.119099
46,83,17500,0.120689
46,84,17500,0.121758
46,85,17500,0.122281
46,86,17500,0.122236
46,87,17500,0.121603
46,88,17500,0.120363
46,89,17500,0.1185
46,90,17500,0.116
46,91,17500,0.112854
46,92,17500,0.109052
46,93,17500,0.104589
46,94,17500,0.0994638
46,95,17500,0.09367
46,96,17500,0.0872452
46,97,17500,0.0800404
46,98,17500,0.0727502
46,99,17500,0.0623383
46,100,17500,0.0623383
47,0,17500,-0.125565
47,1,17500,-0.125565
47,2,17500,-0.13422
47,3,17500,-0.140297
47,4,17500,-0.146323
47,5,17500,-0.151731
47,6,17500,-0.156652
47,7,17500,-0.161063
47,8,17500,-0.164981
47,9,17500,-0.168413
47,10,17500,-0.171372
47,11,17500,-0.173871
47,12,17500,-0.175924
47,13,17500,-0.177546
47,14,17500,-0.178753
47,15,17500,-0.179562
47,16,17500,-0.179988
47,17,17500,-0.180049
47,18,17500,-0.179761
47,19,17500,-0.17914
47,20,17500,-0.178203
47,21,17500,-0.176964
47,22,17500,-0.17544
47,23,17500,-0.173643
47,24,17500,-0.171589
47,25,17500,-0.169291
47,26,17500,-0.166759
47,27,17500,-0.164007
47,28,17500,-0.161046
47,29,17500,-0.157884
47,30,17500,-0.154533
47,31,17500,-0.151
47,32,17500,-0.147293
47,33,17500,-0.143422
47,34,17500,-0.139391
47,35,17500,-0.135208
47,36,17500,-0.130879
47,37,17500,-0.126409
47,38,17500,-0.121803
47,39,17500,-0.117066
47,40,17500,-0.112203
47,41,17500,-0.107218
47,42,17500,-0.102115
47,43,17500,-0.0968982
47,44,17500,-0.0915713
47,45,17500,-0.0861386
47,46,17500,-0.0806041
47,47,17500,-0.074972
47,48,17500,-0.0692467
47,49,17500,-0.0634328
47,50,17500,-0.0575353
47,51,17500,-0.0515595
47,52,17500,-0.0455111
47,53,17500,-0.0393962
47,54,17500,-0.0332215
47,55,17500,-0.0269945
47,56,17500,-0.0207229
47,57,17500,-0.0144155
47,58,17500,-0.00808152
47,59,17500,-0.00173127
47,60,17500,0.00462428
47,61,17500,0.0109732
47,62,17500,0.0173027
47,63,17500,0.0235989
47,64,17500,0.0298471
47,65,17500,0.0360315
47,66,17500,0.0421351
47,67,17500,0.0481402
47,68,17500,0.0540278
47,69,17500,0.059778
47,70,17500,0.0653699
47,71,17500,0.0707817
47,72,17500,0.0759905
47,73,17500,0.0809729
47,74,17500,0.0857045
47,75,17500,0.0901604
47,76,17500,0.0943153
47,77,17500,0.0981433
47,78,17500,0.101618
47,79,17500,0.104715
47,80,17500,0.107407
47,81,17500,0.109669
47,82,17500,0.111476
47,83,17500,0.112805
47,84,17500,0.113632
47,85,17500,0.113936
47,86,17500,0.113696
47,87,17500,0.112896
47,88,17500,0.111518
47,89,17500,0.109548
47,90,17500,0.106975
47,91,17500,0.103789
47,92,17500,0.099983
47,93,17500,0.0955536
47,94,17500,0.0905004
47,95,17500,0.0848172
47,96,17500,0.078541
47,97,17500,0.0715283
47,98,17500,0.0644504
47,99,17500,0.0543735
47,100,17500,0.0543735
48,0,17500,-0.117537
48,1,17500,-0.117537
48,2,17500,-0.125969
48,3,17500,-0.1319
48,4,17500,-0.137793
48,5,17500,-0.143093
48,6,17500,-0.14793
48,7,17500,-0.152282
48,8,17500,-0.156162
48,9,17500,-0.159578
48,10,17500,-0.162542
48,11,17500,-0.165067
48,12,17500,-0.167164
48,13,17500,-0.168848
48,14,17500,-0.170134
48,15,17500,-0.171036
48,16,17500,-0.17157
48,17,17500,-0.171751
48,18,17500,-0.171595
48,19,17500,-0.171116
48,20,17500,-0.170329
48,21,17500,-0.169249
48,22,17500,-0.16789
48,23,17500,-0.166266
48,24,17500,-0.164388
48,25,17500,-0.16227
48,26,17500,-0.159923
48,27,17500,-0.157358
48,28,17500,-0.154586
48,29,17500,-0.151616
48,30,17500,-0.148457
48,31,17500,-0.145117
48,32,17500,-0.141606
48,33,17500,-0.137929
48,34,17500,-0.134094
48,35,17500,-0.130107
48,36,17500,-0.125974
48,37,17500,-0.121701
48,38,17500,-0.117293
48,39,17500,-0.112754
48,40,17500,-0.10809
48,41,17500,-0.103305
48,42,17500,-0.0984034
48,43,17500,-0.0933893
48,44,17500,-0.0882671
48,45,17500,-0.0830411
48,46,17500,-0.0777157
48,47,17500,-0.0722955
48,48,17500,-0.0667851
48,49,17500,-0.0611897
48,50,17500,-0.0555143
48,51,17500,-0.0497647
48,52,17500,-0.0439469
48,53,17500,-0.0380673
48,54,17500,-0.0321331
48,55,17500,-0.0261517
48,56,17500,-0.0201314
48,57,17500,-0.014081
48,58,17500,-0.00801002
48,59,17500,-0.00192884
48,60,17500,0.00415145
48,61,17500,0.0102189
48,62,17500,0.0162608
48,63,17500,0.0222633
48,64,17500,0.0282118
48,65,17500,0.0340909
48,66,17500,0.039884
48,67,17500,0.0455736
48,68,17500,0.0511416
48,69,17500,0.0565684
48,70,17500,0.0618342
48,71,17500,0.0669178
48,72,17500,0.0717976
48,73,17500,0.0764511
48,74,17500,0.0808553
48,75,17500,0.0849867
48,76,17500,0.0888214
48,77,17500,0.0923353
48,78,17500,0.0955042
48,79,17500,0.0983039
48,80,17500,0.100711
48,81,17500,0.102701
48,82,17500,0.104252
48,83,17500,0.105342
48,84,17500,0.105951
48,85,17500,0.106058
48,86,17500,0.105646
48,87,17500,0.104698
48,88,17500,0.1032
48,89,17500,0.101141
48,90,17500,0.0985083
48,91,17500,0.0952956
48,92,17500,0.0914972
48,93,17500,0.0871096
48,94,17500,0.0821338
48,95,17500,0.0765639
48,96,17500,0.0704365
48,97,17500,0.0636132
48,98,17500,0.0567426
48,99,17500,0.04699
48,100,17500,0.04699
49,0,17500,-0.109995
49,1,17500,-0.109995
49,2,17500,-0.118209
49,3,17500,-0.123999
49,4,17500,-0.12976
49,5,17500,-0.134954
49,6,17500,-0.139707
49,7,17500,-0.143995
49,8,17500,-0.147833
49,9,17500,-0.151228
49,10,17500,-0.15419
49,11,17500,-0.156731
49,12,17500,-0.158863
49,13,17500,-0.160599
49,14,17500,-0.161951
49,15,17500,-0.162935
49,16,17500,-0.163564
49,17,17500,-0.163852
49,18,17500,-0.163813
49,19,17500,-0.163462
49,20,17500,-0.162813
49,21,17500,-0.161878
49,22,17500,-0.16067
49,23,17500,-0.159203
49,24,17500,-0.157488
49,25,17500,-0.155537
49,26,17500,-0.153362
49,27,17500,-0.150971
49,28,17500,-0.148375
49,29,17500,-0.145584
49,30,17500,-0.142606
49,31,17500,-0.13945
49,32,17500,-0.136122
49,33,17500,-0.13263
49,34,17500,-0.128981
49,35,17500,-0.125181
49,36,17500,-0.121236
49,37,17500,-0.117151
49,38,17500,-0.112932
49,39,17500,-0.108584
49,40,17500,-0.104112
49,41,17500,-0.0995196
49,42,17500,-0.0948124
49,43,17500,-0.0899945
49,44,17500,-0.0850705
49,45,17500,-0.0800451
49,46,17500,-0.0749228
49,47,17500,-0.0697084
49,48,17500,-0.0644071
49,49,17500,-0.059024
49,50,17500,-0.0535648
49,51,17500,-0.0480352
49,52,17500,-0.0424418
49,53,17500,-0.0367911
49,54,17500,-0.0310905
49,55,17500,-0.0253478
49,56,17500,-0.0195714
49,57,17500,-0.0137702
49,58,17500,-0.00795399
49,59,17500,-0.00213318
49,60,17500,0.00368112
49,61,17500,0.00947697
49,62,17500,0.0152416
49,63,17500,0.0209616
49,64,17500,0.0266224
49,65,17500,0.0322088
49,66,17500,0.0377047
49,67,17500,0.0430932
49,68,17500,0.0483565
49,69,17500,0.0534759
49,70,17500,0.0584322
49,71,17500,0.0632052
49,72,17500,0.0677742
49,73,17500,0.072118
49,74,17500,0.0762146
49,75,17500,0.080042
49,76,17500,0.0835777
49,77,17500,0.0867991
49,78,17500,0.0896836
49,79,17500,0.0922088
49,80,17500,0.0943527
49,81,17500,0.0960937
49,82,17500,0.0974109
49,83,17500,0.0982844
49,84,17500,0.0986953
49,85,17500,0.098626
49,86,17500,0.0980603
49,87,17500,0.0969837
49,88,17500,0.0953835
49,89,17500,0.0932489
49,90,17500,0.0905711
49,91,17500,0.0873435
49,92,17500,0.0835617
49,93,17500,0.079223
49,94,17500,0.0743292
49,95,17500,0.0688751
49,96,17500,0.0628964
49,97,17500,0.0562594
49,98,17500,0.0495912
49,99,17500,0.0401525
49,100,17500,0.0401525
50,0,17500,-0.102915
50,1,17500,-0.102915
50,2,17500,-0.110919
50,3,17500,-0.116571
50,4,17500,-0.122203
50,5,17500,-0.127292
50,6,17500,-0.131958
50,7,17500,-0.136181
50,8,17500,-0.139973
50,9,17500,-0.143341
50,10,17500,-0.146295
50,11,17500,-0.148846
50,12,17500,-0.151004
50,13,17500,-0.152781
50,14,17500,-0.154191
50,15,17500,-0.155245
50,16,17500,-0.155957
50,17,17500,-0.15634
50,18,17500,-0.156407
50,19,17500,-0.156171
50,20,17500,-0.155645
50,21,17500,-0.154842
50,22,17500,-0.153773
50,23,17500,-0.15245
50,24,17500,-0.150886
50,25,17500,-0.14909
50,26,17500,-0.147072
50,27,17500,-0.144844
50,28,17500,-0.142414
50,29,17500,-0.139791
50,30,17500,-0.136983
50,31,17500,-0.133998
50,32,17500,-0.130844
50,33,17500,-0.127527
50,34,17500,-0.124055
50,35,17500,-0.120433
50,36,17500,-0.116666
50,37,17500,-0.112762
50,38,17500,-0.108725
50,39,17500,-0.10456
50,40,17500,-0.100271
50,41,17500,-0.0958653
50,42,17500,-0.0913457
50,43,17500,-0.0867175
50,44,17500,-0.0819854
50,45,17500,-0.0771542
50,46,17500,-0.0722287
50,47,17500,-0.0672141
50,48,17500,-0.0621156
50,49,17500,-0.0569387
50,50,17500,-0.0516893
50,51,17500,-0.0463735
50,52,17500,-0.0409978
50,53,17500,-0.0355693
50,54,17500,-0.0300954
50,55,17500,-0.0245841
50,56,17500,-0.019044
50,57,17500,-0.0134841
50,58,17500,-0.00791424
50,59,17500,-0.00234491
50,60,17500,0.00321277
50,61,17500,0.00874695
50,62,17500,0.014245
50,63,17500,0.0196935
50,64,17500,0.0250784
50,65,17500,0.0303847
50,66,17500,0.0355967
50,67,17500,0.040698
50,68,17500,0.0456713
50,69,17500,0.0504988
50,70,17500,0.0551618
50,71,17500,0.0596412
50,72,17500,0.0639171
50,73,17500,0.0679694
50,74,17500,0.0717775
50,75,17500,0.0753204
50,76,17500,0.078577
50,77,17500,0.0815262
50,78,17500,0.084147
50,79,17500,0.0864186
50,80,17500,0.0883205
50,81,17500,0.0898329
50,82,17500,0.0909367
50,83,17500,0.0916136
50,84,17500,0.0918465
50,85,17500,0.0916194
50,86,17500,0.090918
50,87,17500,0.0897291
50,88,17500,0.0880417
50,89,17500,0.0858461
50,90,17500,0.083135
50,91,17500,0.0799027
50,92,17500,0.0761457
50,93,17500,0.0718624
50,94,17500,0.0670546
50,95,17500,0.0617181
50,96,17500,0.0558874
50,97,17500,0.0494339
50,98,17500,0.0429633
50,99,17500,0.0338285
50,100,17500,0.0338285
51,0,17500,-0.0962798
51,1,17500,-0.0962798
51,2,17500,-0.104079
51,3,17500,-0.109596
51,4,17500,-0.115101
51,5,17500,-0.120084
51,6,17500,-0.124663
51,7,17500,-0.128819
51,8,17500,-0.132562
51,9,17500,-0.135899
51,10,17500,-0.138839
51,11,17500,-0.141393
51,12,17500,-0.143569
51,13,17500,-0.14538
51,14,17500,-0.146837
51,15,17500,-0.147951
51,16,17500,-0.148736
51,17,17500,-0.149203
51,18,17500,-0.149364
51,19,17500,-0.149232
51,20,17500,-0.148818
51,21,17500,-0.148134
51,22,17500,-0.147192
51,23,17500,-0.146002
51,24,17500,-0.144576
51,25,17500,-0.142923
51,26,17500,-0.141053
51,27,17500,-0.138976
51,28,17500,-0.1367
51,29,17500,-0.134234
51,30,17500,-0.131586
51,31,17500,-0.128763
51,32,17500,-0.125773
51,33,17500,-0.122622
51,34,17500,-0.119317
51,35,17500,-0.115864
51,36,17500,-0.112269
51,37,17500,-0.108537
51,38,17500,-0.104673
51,39,17500,-0.100683
51,40,17500,-0.0965723
51,41,17500,-0.0923451
51,42,17500,-0.0880064
51,43,17500,-0.0835612
51,44,17500,-0.0790144
51,45,17500,-0.074371
51,46,17500,-0.069636
51,47,17500,-0.0648148
51,48,17500,-0.0599128
51,49,17500,-0.0549358
51,50,17500,-0.0498898
51,51,17500,-0.0447811
51,52,17500,-0.0396166
51,53,17500,-0.0344033
51,54,17500,-0.029149
51,55,17500,-0.0238616
51,56,17500,-0.01855
51,57,17500,-0.0132232
51,58,17500,-0.00789121
51,59,17500,-0.00256437
51,60,17500,0.00274618
51,61,17500,0.00802868
51,62,17500,0.0132707
51,63,17500,0.0184589
51,64,17500,0.0235797
51,65,17500,0.0286182
51,66,17500,0.0335594
51,67,17500,0.0383871
51,68,17500,0.0430849
51,69,17500,0.0476355
51,70,17500,0.0520209
51,71,17500,0.056223
51,72,17500,0.0602228
51,73,17500,0.0640013
51,74,17500,0.0675388
51,75,17500,0.0708157
51,76,17500,0.0738122
51,77,17500,0.0765085
51,78,17500,0.078885
51,79,17500,0.0809224
51,80,17500,0.0826019
51,81,17500,0.083905
51,82,17500,0.0848144
51,83,17500,0.0853133
51,84,17500,0.0853862
51,85,17500,0.0850187
51,86,17500,0.0841977
51,87,17500,0.0829118
51,88,17500,0.0811509
51,89,17500,0.0789069
51,90,17500,0.0761734
51,91,17500,0.0729456
51,92,17500,0.069221
51,93,17500,0.0649983
51,94,17500,0.0602801
51,95,17500,0.0550624
51,96,17500,0.0493791
51,97,17500,0.0431058
51,98,17500,0.0368281
51,99,17500,0.0279878
51,100,17500,0.0279878
52,0,17500,-0.0900691
52,1,17500,-0.0900691
52,2,17500,-0.0976684
52,3,17500,-0.103053
52,4,17500,-0.108433
52,5,17500,-0.113311
52,6,17500,-0.117804
52,7,17500,-0.12189
52,8,17500,-0.125581
52,9,17500,-0.128883
52,10,17500,-0.131804
52,11,17500,-0.134354
52,12,17500,-0.136542
52,13,17500,-0.138379
52,14,17500,-0.139875
52,15,17500,-0.141041
52,16,17500,-0.141889
52,17,17500,-0.142429
52,18,17500,-0.142674
52,19,17500,-0.142635
52,20,17500,-0.142322
52,21,17500,-0.141747
52,22,17500,-0.14092
52,23,17500,-0.139852
52,24,17500,-0.138553
52,25,17500,-0.137032
52,26,17500,-0.135299
52,27,17500,-0.133363
52,28,17500,-0.131231
52,29,17500,-0.128912
52,30,17500,-0.126414
52,31,17500,-0.123744
52,32,17500,-0.120909
52,33,17500,-0.117915
52,34,17500,-0.114769
52,35,17500,-0.111477
52,36,17500,-0.108044
52,37,17500,-0.104476
52,38,17500,-0.100779
52,39,17500,-0.0969573
52,40,17500,-0.0930163
52,41,17500,-0.088961
52,42,17500,-0.0847964
52,43,17500,-0.0805276
52,44,17500,-0.0761596
52,45,17500,-0.0716975
52,46,17500,-0.0671466
52,47,17500,-0.0625123
52,48,17500,-0.0578004
52,49,17500,-0.0530168
52,50,17500,-0.0481676
52,51,17500,-0.0432594
52,52,17500,-0.038299
52,53,17500,-0.0332939
52,54,17500,-0.0282518
52,55,17500,-0.0231808
52,56,17500,-0.0180897
52,57,17500,-0.0129878
52,58,17500,-0.00788498
52,59,17500,-0.00279156
52,60,17500,0.00228139
52,61,17500,0.00732223
52,62,17500,0.0123187
52,63,17500,0.0172578
52,64,17500,0.0221259
52,65,17500,0.026909
52,66,17500,0.0315921
52,67,17500,0.0361598
52,68,17500,0.040596
52,69,17500,0.0448842
52,70,17500,0.0490074
52,71,17500,0.0529479
52,72,17500,0.0566879
52,73,17500,0.0602093
52,74,17500,0.0634935
52,75,17500,0.066522
52,76,17500,0.0692763
52,77,17500,0.0717378
52,78,17500,0.0738883
52,79,17500,0.0757099
52,80,17500,0.0771852
52,81,17500,0.0782971
52,82,17500,0.0790298
52,83,17500,0.0793679
52,84,17500,0.0792974
52,85,17500,0.0788052
52,86,17500,0.0778796
52,87,17500,0.0765104
52,88,17500,0.0746888
52,89,17500,0.0724077
52,90,17500,0.0696615
52,91,17500,0.0664465
52,92,17500,0.0627607
52,93,17500,0.0586035
52,94,17500,0.0539776
52,95,17500,0.0488797
52,96,17500,0.0433427
52,97,17500,0.0372465
52,98,17500,0.0311572
52,99,17500,0.0226022
52,100,17500,0.0226022
53,0,17500,-0.0842656
53,1,17500,-0.0842656
53,2,17500,-0.0916705
53,3,17500,-0.0969252
53,4,17500,-0.102181
53,5,17500,-0.106956
53,6,17500,-0.11136
53,7,17500,-0.115375
53,8,17500,-0.119012
53,9,17500,-0.122275
53,10,17500,-0.125173
53,11,17500,-0.127714
53,12,17500,-0.129908
53,13,17500,-0.131763
53,14,17500,-0.13329
53,15,17500,-0.1345
53,16,17500,-0.135402
53,17,17500,-0.136007
53,18,17500,-0.136327
53,19,17500,-0.13637
53,20,17500,-0.136149
53,21,17500,-0.135673
53,22,17500,-0.134951
53,23,17500,-0.133995
53,24,17500,-0.132813
53,25,17500,-0.131415
53,26,17500,-0.129808
53,27,17500,-0.128002
53,28,17500,-0.126005
53,29,17500,-0.123824
53,30,17500,-0.121467
53,31,17500,-0.11894
53,32,17500,-0.116251
53,33,17500,-0.113406
53,34,17500,-0.11041
53,35,17500,-0.107271
53,36,17500,-0.103993
53,37,17500,-0.100582
53,38,17500,-0.0970434
53,39,17500,-0.0933826
53,40,17500,-0.0896045
53,41,17500,-0.0857143
53,42,17500,-0.0817171
53,43,17500,-0.0776179
53,44,17500,-0.0734221
53,45,17500,-0.0691348
53,46,17500,-0.0647615
53,47,17500,-0.0603077
53,48,17500,-0.0557793
53,49,17500,-0.0511824
53,50,17500,-0.0465233
53,51,17500,-0.0418087
53,52,17500,-0.0370456
53,53,17500,-0.0322414
53,54,17500,-0.027404
53,55,17500,-0.0225416
53,56,17500,-0.0176631
53,57,17500,-0.0127778
53,58,17500,-0.00789535
53,59,17500,-0.00302623
53,60,17500,0.00181867
53,61,17500,0.00662784
53,62,17500,0.0113892
53,63,17500,0.0160901
53,64,17500,0.0207172
53,65,17500,0.0252568
53,66,17500,0.0296944
53,67,17500,0.0340151
53,68,17500,0.0382034
53,69,17500,0.0422435
53,70,17500,0.046119
53,71,17500,0.0498132
53,72,17500,0.053309
53,73,17500,0.0565893
53,74,17500,0.0596366
53,75,17500,0.0624335
53,76,17500,0.0649625
53,77,17500,0.0672064
53,78,17500,0.0691481
53,79,17500,0.0707711
53,80,17500,0.0720591
53,81,17500,0.0729966
53,82,17500,0.073569
53,83,17500,0.0737623
53,84,17500,0.0735636
53,85,17500,0.0729613
53,86,17500,0.0719448
53,87,17500,0.070505
53,88,17500,0.0686342
53,89,17500,0.0663261
53,90,17500,0.0635762
53,91,17500,0.0603813
53,92,17500,0.0567401
53,93,17500,0.0526524
53,94,17500,0.0481213
53,95,17500,0.0431437
53,96,17500,0.0377517
53,97,17500,0.0318294
53,98,17500,0.025924
53,99,17500,0.0176456
53,100,17500,0.0176456
54,0,17500,-0.0788529
54,1,17500,-0.0788529
54,2,17500,-0.0860678
54,3,17500,-0.0911949
54,4,17500,-0.0963291
54,5,17500,-0.101
54,6,17500,-0.105316
54,7,17500,-0.109259
54,8,17500,-0.112839
54,9,17500,-0.11606
54,10,17500,-0.11893
54,11,17500,-0.121458
54,12,17500,-0.123651
54,13,17500,-0.125519
54,14,17500,-0.127071
54,15,17500,-0.128316
54,16,17500,-0.129264
54,17,17500,-0.129926
54,18,17500,-0.130311
54,19,17500,-0.130429
54,20,17500,-0.13029
54,21,17500,-0.129903
54,22,17500,-0.129278
54,23,17500,-0.128424
54,24,17500,-0.127349
54,25,17500,-0.126064
54,26,17500,-0.124575
54,27,17500,-0.12289
54,28,17500,-0.121018
54,29,17500,-0.118966
54,30,17500,-0.116741
54,31,17500,-0.11435
54,32,17500,-0.111798
54,33,17500,-0.109093
54,34,17500,-0.10624
54,35,17500,-0.103246
54,36,17500,-0.100115
54,37,17500,-0.0968536
54,38,17500,-0.0934667
54,39,17500,-0.0899596
54,40,17500,-0.0863375
54,41,17500,-0.0826055
54,42,17500,-0.0787689
54,43,17500,-0.0748329
54,44,17500,-0.0708026
54,45,17500,-0.0666835
54,46,17500,-0.0624812
54,47,17500,-0.0582013
54,48,17500,-0.0538499
54,49,17500,-0.049433
54,50,17500,-0.0449572
54,51,17500,-0.0404292
54,52,17500,-0.0358561
54,53,17500,-0.0312456
54,54,17500,-0.0266054
54,55,17500,-0.0219438
54,56,17500,-0.0172698
54,57,17500,-0.0125926
54,58,17500,-0.00792183
54,59,17500,-0.00326787
54,60,17500,0.00135849
54,61,17500,0.00594595
54,62,17500,0.0104826
54,63,17500,0.0149561
54,64,17500,0.0193536
54,65,17500,0.0236614
54,66,17500,0.0278658
54,67,17500,0.0319523
54,68,17500,0.035906
54,69,17500,0.0397116
54,70,17500,0.0433536
54,71,17500,0.046816
54,72,17500,0.0500826
54,73,17500,0.0531372
54,74,17500,0.0559632
54,75,17500,0.0585443
54,76,17500,0.0608642
54,77,17500,0.0629065
54,78,17500,0.0646556
54,79,17500,0.066096
54,80,17500,0.0672127
54,81,17500,0.0679915
54,82,17500,0.0684188
54,83,17500,0.068482
54,84,17500,0.0681693
54,85,17500,0.0674703
54,86,17500,0.0663754
54,87,17500,0.0648765
54,88,17500,0.0629669
54,89,17500,0.0606412
54,90,17500,0.0578955
54,91,17500,0.0547273
54,92,17500,0.0511358
54,93,17500,0.0471212
54,94,17500,0.0426867
54,95,17500,0.0378298
54,96,17500,0.0325814
54,97,17500,0.0268298
54,98,17500,0.0211038
54,99,17500,0.0130935
54,100,17500,0.0130935
55,0,17500,-0.0738152
55,1,17500,-0.0738152
55,2,17500,-0.0808443
55,3,17500,-0.0858459
55,4,17500,-0.0908596
55,5,17500,-0.0954274
55,6,17500,-0.0996555
55,7,17500,-0.103525
55,8,17500,-0.107045
55,9,17500,-0.110221
55,10,17500,-0.113061
55,11,17500,-0.11557
55,12,17500,-0.117758
55,13,17500,-0.119632
55,14,17500,-0.121202
55,15,17500,-0.122477
55,16,17500,-0.123464
55,17,17500,-0.124175
55,18,17500,-0.124617
55,19,17500,-0.124801
55,20,17500,-0.124736
55,21,17500,-0.12443
55,22,17500,-0.123892
55,23,17500,-0.123132
55,24,17500,-0.122156
55,25,17500,-0.120975
55,26,17500,-0.119594
55,27,17500,-0.118023
55,28,17500,-0.116268
55,29,17500,-0.114336
55,30,17500,-0.112235
55,31,17500,-0.10997
55,32,17500,-0.107548
55,33,17500,-0.104976
55,34,17500,-0.102258
55,35,17500,-0.099401
55,36,17500,-0.0964101
55,37,17500,-0.0932908
55,38,17500,-0.0900483
55,39,17500,-0.086688
55,40,17500,-0.0832151
55,41,17500,-0.0796346
55,42,17500,-0.075952
55,43,17500,-0.0721723
55,44,17500,-0.068301
55,45,17500,-0.0643436
55,46,17500,-0.0603057
55,47,17500,-0.0561931
55,48,17500,-0.0520119
55,49,17500,-0.0477683
55,50,17500,-0.0434688
55,51,17500,-0.0391204
55,52,17500,-0.0347303
55,53,17500,-0.0303059
55,54,17500,-0.0258553
55,55,17500,-0.0213868
55,56,17500,-0.0169091
55,57,17500,-0.0124315
55,58,17500,-0.00796368
55,59,17500,-0.00351578
55,60,17500,0.000901538
55,61,17500,0.00527715
55,62,17500,0.00959943
55,63,17500,0.0138563
55,64,17500,0.0180351
55,65,17500,0.0221228
55,66,17500,0.0261059
55,67,17500,0.0299706
55,68,17500,0.0337025
55,69,17500,0.037287
55,70,17500,0.0407091
55,71,17500,0.0439537
55,72,17500,0.0470055
55,73,17500,0.049849
55,74,17500,0.0524686
55,75,17500,0.054849
55,76,17500,0.0569748
55,77,17500,0.0588309
55,78,17500,0.0604025
55,79,17500,0.0616754
55,80,17500,0.0626357
55,81,17500,0.0632703
55,82,17500,0.0635667
55,83,17500,0.0635134
55,84,17500,0.0630998
55,85,17500,0.0623163
55,86,17500,0.0611545
55,87,17500,0.0596072
55,88,17500,0.0576683
55,89,17500,0.0553334
55,90,17500,0.052599
55,91,17500,0.0494634
55,92,17500,0.045926
55,93,17500,0.0419875
55,94,17500,0.0376512
55,95,17500,0.0329149
55,96,17500,0.0278087
55,97,17500,0.0222245
55,98,17500,0.0166735
55,99,17500,0.00892344
55,100,17500,0.00892344
56,0,17500,-0.0691378
56,1,17500,-0.0691378
56,2,17500,-0.0759849
56,3,17500,-0.080863
56,4,17500,-0.0857575
56,5,17500,-0.0902228
56,6,17500,-0.094362
56,7,17500,-0.0981564
56,8,17500,-0.101616
56,9,17500,-0.104745
56,10,17500,-0.107549
56,11,17500,-0.110037
56,12,17500,-0.112215
56,13,17500,-0.114091
56,14,17500,-0.115673
56,15,17500,-0.11697
56,16,17500,-0.11799
56,17,17500,-0.118743
56,18,17500,-0.119236
56,19,17500,-0.119478
56,20,17500,-0.119479
56,21,17500,-0.119246
56,22,17500,-0.118787
56,23,17500,-0.118112
56,24,17500,-0.117228
56,25,17500,-0.116142
56,26,17500,-0.114862
56,27,17500,-0.113396
56,28,17500,-0.111749
56,29,17500,-0.10993
56,30,17500,-0.107945
56,31,17500,-0.105799
56,32,17500,-0.103499
56,33,17500,-0.101052
56,34,17500,-0.0984616
56,35,17500,-0.0957347
56,36,17500,-0.0928765
56,37,17500,-0.0898923
56,38,17500,-0.0867875
56,39,17500,-0.0835671
56,40,17500,-0.0802366
56,41,17500,-0.076801
56,42,17500,-0.0732656
56,43,17500,-0.0696357
56,44,17500,-0.0659169
56,45,17500,-0.0621146
56,46,17500,-0.0582344
56,47,17500,-0.0542825
56,48,17500,-0.0502647
56,49,17500,-0.0461875
56,50,17500,-0.0420575
56,51,17500,-0.0378817
56,52,17500,-0.0336672
56,53,17500,-0.0294216
56,54,17500,-0.0251529
56,55,17500,-0.0208695
56,56,17500,-0.01658
56,57,17500,-0.0122936
56,58,17500,-0.00801996
56,59,17500,-0.00376905
56,60,17500,0.00044863
56,61,17500,0.00462216
56,62,17500,0.00874017
56,63,17500,0.0127908
56,64,17500,0.0167619
56,65,17500,0.0206408
56,66,17500,0.0244144
56,67,17500,0.0280693
56,68,17500,0.0315918
56,69,17500,0.034968
56,70,17500,0.0381834
56,71,17500,0.0412237
56,72,17500,0.0440743
56,73,17500,0.0467207
56,74,17500,0.049148
56,75,17500,0.0513419
56,76,17500,0.053288
56,77,17500,0.0549722
56,78,17500,0.0563807
56,79,17500,0.0575002
56,80,17500,0.0583179
56,81,17500,0.0588219
56,82,17500,0.0590006
56,83,17500,0.0588435
56,84,17500,0.058341
56,85,17500,0.0574844
56,86,17500,0.0562662
56,87,17500,0.05468
56,88,17500,0.0527206
56,89,17500,0.050384
56,90,17500,0.0476674
56,91,17500,0.0445695
56,92,17500,0.0410902
56,93,17500,0.0372304
56,94,17500,0.0329935
56,95,17500,0.0283776
56,96,17500,0.0234118
56,97,17500,0.0179919
56,98,17500,0.0126119
56,99,17500,0.00511413
56,100,17500,0.00511413
57,0,17500,-0.0648067
57,1,17500,-0.0648067
57,2,17500,-0.0714752
57,3,17500,-0.0762316
57,4,17500,-0.0810083
57,5,17500,-0.0853714
57,6,17500,-0.0894216
57,7,17500,-0.0931404
57,8,17500,-0.0965371
57,9,17500,-0.0996159
57,10,17500,-0.102383
57,11,17500,-0.104845
57,12,17500,-0.107009
57,13,17500,-0.108881
57,14,17500,-0.110471
57,15,17500,-0.111785
57,16,17500,-0.112832
57,17,17500,-0.11362
57,18,17500,-0.114157
57,19,17500,-0.114451
57,20,17500,-0.11451
57,21,17500,-0.114342
57,22,17500,-0.113956
57,23,17500,-0.113358
57,24,17500,-0.112557
57,25,17500,-0.11156
57,26,17500,-0.110373
57,27,17500,-0.109003
57,28,17500,-0.107458
57,29,17500,-0.105744
57,30,17500,-0.103867
57,31,17500,-0.101833
57,32,17500,-0.0996484
57,33,17500,-0.0973184
57,34,17500,-0.0948487
57,35,17500,-0.092245
57,36,17500,-0.0895126
57,37,17500,-0.0866567
57,38,17500,-0.0836826
57,39,17500,-0.0805956
57,40,17500,-0.0774007
57,41,17500,-0.0741034
57,42,17500,-0.0707087
57,43,17500,-0.0672221
57,44,17500,-0.0636491
57,45,17500,-0.0599953
57,46,17500,-0.0562664
57,47,17500,-0.0524683
57,48,17500,-0.0486073
57,49,17500,-0.0446897
57,50,17500,-0.0407222
57,51,17500,-0.0367118
57,52,17500,-0.0326656
57,53,17500,-0.0285914
57,54,17500,-0.024497
57,55,17500,-0.0203907
57,56,17500,-0.0162813
57,57,17500,-0.0121777
57,58,17500,-0.00808953
57,59,17500,-0.00402662
57,60,17500,7.38599e-07
57,61,17500,0.00398183
57,62,17500,0.00790555
57,63,17500,0.0117604
57,64,17500,0.0155344
57,65,17500,0.0192155
57,66,17500,0.0227909
57,67,17500,0.0262478
57,68,17500,0.029573
57,69,17500,0.0327531
57,70,17500,0.0357744
57,71,17500,0.0386233
57,72,17500,0.0412859
57,73,17500,0.0437483
57,74,17500,0.0459969
57,75,17500,0.0480178
57,76,17500,0.0497978
57,77,17500,0.0513235
57,78,17500,0.0525822
57,79,17500,0.0535616
57,80,17500,0.0542498
57,81,17500,0.0546357
57,82,17500,0.0547089
57,83,17500,0.0544598
57,84,17500,0.0538795
57,85,17500,0.0529603
57,86,17500,0.0516954
57,87,17500,0.0500791
57,88,17500,0.048107
57,89,17500,0.0457755
57,90,17500,0.0430826
57,91,17500,0.0400271
57,92,17500,0.0366094
57,93,17500,0.0328304
57,94,17500,0.0286939
57,95,17500,0.0241979
57,96,17500,0.0193709
57,97,17500,0.014112
57,98,17500,0.0088987
57,99,17500,0.00164591
57,100,17500,0.00164591
58,0,17500,-0.0608085
58,1,17500,-0.0608085
58,2,17500,-0.0673017
58,3,17500,-0.071938
58,4,17500,-0.076598
58,5,17500,-0.0808595
58,6,17500,-0.0848204
58,7,17500,-0.0884626
58,8,17500,-0.0917951
58,9,17500,-0.0948219
58,10,17500,-0.0975487
58,11,17500,-0.0999815
58,12,17500,-0.102127
58,13,17500,-0.103992
58,14,17500,-0.105584
58,15,17500,-0.10691
58,16,17500,-0.107978
58,17,17500,-0.108796
58,18,17500,-0.10937
58,19,17500,-0.109709
58,20,17500,-0.109821
58,21,17500,-0.109712
58,22,17500,-0.10939
58,23,17500,-0.108864
58,24,17500,-0.108138
58,25,17500,-0.107222
58,26,17500,-0.106121
58,27,17500,-0.104841
58,28,17500,-0.103391
58,29,17500,-0.101774
58,30,17500,-0.0999984
58,31,17500,-0.0980691
58,32,17500,-0.0959921
58,33,17500,-0.0937728
58,34,17500,-0.0914169
58,35,17500,-0.0889295
58,36,17500,-0.0863161
58,37,17500,-0.0835819
58,38,17500,-0.080732
58,39,17500,-0.0777716
58,40,17500,-0.074706
58,41,17500,-0.0715403
58,42,17500,-0.0682799
58,43,17500,-0.0649301
58,44,17500,-0.0614964
58,45,17500,-0.0579845
58,46,17500,-0.0544002
58,47,17500,-0.0507494
58,48,17500,-0.0470384
58,49,17500,-0.0432735
58,50,17500,-0.0394615
58,51,17500,-0.0356093
58,52,17500,-0.0317243
58,53,17500,-0.0278139
58,54,17500,-0.0238861
58,55,17500,-0.0199491
58,56,17500,-0.0160115
58,57,17500,-0.0120824
58,58,17500,-0.00817111
58,59,17500,-0.00428728
58,60,17500,-0.000441049
58,61,17500,0.0033571
58,62,17500,0.00709634
58,63,17500,0.0107655
58,64,17500,0.0143529
58,65,17500,0.0178469
58,66,17500,0.0212352
58,67,17500,0.0245054
58,68,17500,0.0276449
58,69,17500,0.0306408
58,70,17500,0.0334802
58,71,17500,0.0361499
58,72,17500,0.038637
58,73,17500,0.0409283
58,74,17500,0.0430107
58,75,17500,0.0448715
58,76,17500,0.0464981
58,77,17500,0.0478781
58,78,17500,0.0489996
58,79,17500,0.0498512
58,80,17500,0.050422
58,81,17500,0.0507017
58,82,17500,0.0506808
58,83,17500,0.0503504
58,84,17500,0.0497026
58,85,17500,0.0487303
58,86,17500,0.0474276
58,87,17500,0.0457894
58,88,17500,0.0438117
58,89,17500,0.0414917
58,90,17500,0.0388275
58,91,17500,0.0358186
58,92,17500,0.0324654
58,93,17500,0.0287692
58,94,17500,0.0247336
58,95,17500,0.020357
58,96,17500,0.015667
58,97,17500,0.010566
58,98,17500,0.00551545
58,99,17500,-0.00149955
58,100,17500,-0.00149955
59,0,17500,-0.0571306
59,1,17500,-0.0571306
59,2,17500,-0.0634514
59,3,17500,-0.0679691
59,4,17500,-0.0725135
59,5,17500,-0.0766739
59,6,17500,-0.0805453
59,7,17500,-0.0841101
59,8,17500,-0.087377
59,9,17500,-0.0903497
59,10,17500,-0.0930336
59,11,17500,-0.0954345
59,12,17500,-0.0975584
59,13,17500,-0.099412
59,14,17500,-0.101002
59,15,17500,-0.102335
59,16,17500,-0.103419
59,17,17500,-0.104261
59,18,17500,-0.104867
59,19,17500,-0.105245
59,20,17500,-0.105403
59,21,17500,-0.105346
59,22,17500,-0.105083
59,23,17500,-0.104621
59,24,17500,-0.103965
59,25,17500,-0.103123
59,26,17500,-0.102101
59,27,17500,-0.100905
59,28,17500,-0.0995409
59,29,17500,-0.0980156
59,30,17500,-0.0963344
59,31,17500,-0.0945031
59,32,17500,-0.0925271
59,33,17500,-0.090412
59,34,17500,-0.088163
59,35,17500,-0.0857855
59,36,17500,-0.0832845
59,37,17500,-0.0806654
59,38,17500,-0.0779332
59,39,17500,-0.0750931
59,40,17500,-0.0721502
59,41,17500,-0.0691098
59,42,17500,-0.0659772
59,43,17500,-0.0627577
59,44,17500,-0.0594569
59,45,17500,-0.0560805
59,46,17500,-0.0526341
59,47,17500,-0.0491239
59,48,17500,-0.0455561
59,49,17500,-0.0419371
59,50,17500,-0.0382736
59,51,17500,-0.0345726
59,52,17500,-0.0308414
59,53,17500,-0.0270874
59,54,17500,-0.0233185
59,55,17500,-0.019543
59,56,17500,-0.0157693
59,57,17500,-0.0120063
59,58,17500,-0.00826328
59,59,17500,-0.00454973
59,60,17500,-0.000875549
59,61,17500,0.00274901
59,62,17500,0.00631338
59,63,17500,0.00980668
59,64,17500,0.0132177
59,65,17500,0.016535
59,66,17500,0.0197469
59,67,17500,0.0228414
59,68,17500,0.0258064
59,69,17500,0.0286296
59,70,17500,0.0312987
59,71,17500,0.0338012
59,72,17500,0.0361246
59,73,17500,0.0382567
59,74,17500,0.0401852
59,75,17500,0.041898
59,76,17500,0.0433832
59,77,17500,0.0446295
59,78,17500,0.0456256
59,79,17500,0.0463611
59,80,17500,0.0468258
59,81,17500,0.0470102
59,82,17500,0.0469057
59,83,17500,0.0465041
59,84,17500,0.0457982
59,85,17500,0.0447818
59,86,17500,0.0434494
59,87,17500,0.0417966
59,88,17500,0.0398199
59,89,17500,0.0375169
59,90,17500,0.0348862
59,91,17500,0.0319275
59,92,17500,0.0286415
59,93,17500,0.0250295
59,94,17500,0.0210954
59,95,17500,0.0168375
59,96,17500,0.0122825
59,97,17500,0.00733634
59,98,17500,0.0024447
59,99,17500,-0.00433937
59,100,17500,-0.00433937
60,0,17500,-0.0537609
60,1,17500,-0.0537609
60,2,17500,-0.059912
60,3,17500,-0.0643126
60,4,17500,-0.0687424
60,5,17500,-0.0728019
60,6,17500,-0.0765836
60,7,17500,-0.0800703
60,8,17500,-0.0832704
60,9,17500,-0.0861872
60,10,17500,-0.0888259
60,11,17500,-0.091192
60,12,17500,-0.0932912
60,13,17500,-0.0951296
60,14,17500,-0.0967136
60,15,17500,-0.0980497
60,16,17500,-0.0991446
60,17,17500,-0.100005
60,18,17500,-0.100638
60,19,17500,-0.10105
60,20,17500,-0.101248
60,21,17500,-0.101238
60,22,17500,-0.101028
60,23,17500,-0.100623
60,24,17500,-0.100031
60,25,17500,-0.0992563
60,26,17500,-0.0983066
60,27,17500,-0.0971874
60,28,17500,-0.0959046
60,29,17500,-0.0944639
60,30,17500,-0.0928708
60,31,17500,-0.091131
60,32,17500,-0.0892497
60,33,17500,-0.0872323
60,34,17500,-0.0850839
60,35,17500,-0.0828098
60,36,17500,-0.080415
60,37,17500,-0.0779047
60,38,17500,-0.0752839
60,39,17500,-0.0725577
60,40,17500,-0.0697312
60,41,17500,-0.0668098
60,42,17500,-0.0637986
60,43,17500,-0.060703
60,44,17500,-0.0575287
60,45,17500,-0.0542811
60,46,17500,-0.0509662
60,47,17500,-0.04759
60,48,17500,-0.0441587
60,49,17500,-0.0406787
60,50,17500,-0.0371567
60,51,17500,-0.0335998
60,52,17500,-0.030015
60,53,17500,-0.02641
60,54,17500,-0.0227925
60,55,17500,-0.0191706
60,56,17500,-0.0155528
60,57,17500,-0.0119477
60,58,17500,-0.00836452
60,59,17500,-0.00481255
60,60,17500,-0.0013015
60,61,17500,0.00215864
60,62,17500,0.00555757
60,63,17500,0.00888472
60,64,17500,0.0121293
60,65,17500,0.0152801
60,66,17500,0.0183259
60,67,17500,0.0212553
60,68,17500,0.0240566
60,69,17500,0.0267181
60,70,17500,0.029228
60,71,17500,0.0315745
60,72,17500,0.0337458
60,73,17500,0.0357302
60,74,17500,0.0375161
60,75,17500,0.0390923
60,76,17500,0.0404476
60,77,17500,0.0415714
60,78,17500,0.0424533
60,79,17500,0.0430835
60,80,17500,0.0434526
60,81,17500,0.043552
60,82,17500,0.0433736
60,83,17500,0.0429101
60,84,17500,0.0421549
60,85,17500,0.0411025
60,86,17500,0.0397478
60,87,17500,0.0380871
60,88,17500,0.0361174
60,89,17500,0.0338365
60,90,17500,0.0312436
60,91,17500,0.0283383
60,92,17500,0.0251218
60,93,17500,0.0215954
60,94,17500,0.0177629
60,95,17500,0.0136228
60,96,17500,0.00920108
60,97,17500,0.00440667
60,98,17500,-0.000329803
60,99,17500,-0.00688947
60,100,17500,-0.00688947
61,0,17500,-0.0506879
61,1,17500,-0.0506879
61,2,17500,-0.0566718
61,3,17500,-0.0609565
61,4,17500,-0.0652726
61,5,17500,-0.0692316
61,6,17500,-0.0729235
61,7,17500,-0.0763315
61,8,17500,-0.0794635
61,9,17500,-0.0823228
61,10,17500,-0.0849142
61,11,17500,-0.0872429
61,12,17500,-0.0893143
61,13,17500,-0.0911342
61,14,17500,-0.0927085
61,15,17500,-0.0940433
61,16,17500,-0.0951451
61,17,17500,-0.09602
61,18,17500,-0.0966745
61,19,17500,-0.097115
61,20,17500,-0.0973479
61,21,17500,-0.0973795
61,22,17500,-0.097216
61,23,17500,-0.0968636
61,24,17500,-0.0963284
61,25,17500,-0.0956163
61,26,17500,-0.0947332
61,27,17500,-0.0936847
61,28,17500,-0.0924766
61,29,17500,-0.0911144
61,30,17500,-0.0896033
61,31,17500,-0.0879488
61,32,17500,-0.086156
61,33,17500,-0.0842301
61,34,17500,-0.0821762
61,35,17500,-0.0799993
61,36,17500,-0.0777045
61,37,17500,-0.0752967
61,38,17500,-0.0727811
61,39,17500,-0.0701626
61,40,17500,-0.0674464
61,41,17500,-0.0646376
61,42,17500,-0.0617416
61,43,17500,-0.0587636
61,44,17500,-0.0557093
61,45,17500,-0.0525842
61,46,17500,-0.0493942
61,47,17500,-0.0461454
61,48,17500,-0.0428438
61,49,17500,-0.0394961
61,50,17500,-0.0361087
61,51,17500,-0.0326887
61,52,17500,-0.0292433
61,53,17500,-0.0257798
61,54,17500,-0.0223061
61,55,17500,-0.0188301
61,56,17500,-0.0153602
61,57,17500,-0.0119049
61,58,17500,-0.00847322
61,59,17500,-0.00507428
61,60,17500,-0.00171758
61,61,17500,0.00158714
61,62,17500,0.00482984
61,63,17500,0.00800028
61,64,17500,0.011088
61,65,17500,0.0140822
61,66,17500,0.0169721
61,67,17500,0.0197466
61,68,17500,0.0223946
61,69,17500,0.024905
61,70,17500,0.0272664
61,71,17500,0.0294676
61,72,17500,0.0314976
61,73,17500,0.0333451
61,74,17500,0.0349994
61,75,17500,0.0364498
61,76,17500,0.037686
61,77,17500,0.0386979
61,78,17500,0.0394759
61,79,17500,0.0400109
61,80,17500,0.0402943
61,81,17500,0.0403182
61,82,17500,0.040075
61,83,17500,0.0395582
61,84,17500,0.0387618
61,85,17500,0.0376808
61,86,17500,0.0363108
61,87,17500,0.0346483
61,88,17500,0.0326909
61,89,17500,0.0304368
61,90,17500,0.0278853
61,91,17500,0.0250365
61,92,17500,0.0218914
61,93,17500,0.0184516
61,94,17500,0.0147208
61,95,17500,0.0106977
61,96,17500,0.00640732
61,97,17500,0.00176171
61,98,17500,-0.0028232
61,99,17500,-0.00916473
61,100,17500,-0.00916473
62,0,17500,-0.0479005
62,1,17500,-0.0479005
62,2,17500,-0.0537195
62,3,17500,-0.0578896
62,4,17500,-0.0620928
62,5,17500,-0.0659516
62,6,17500,-0.0695535
62,7,17500,-0.0728821
62,8,17500,-0.075945
62,9,17500,-0.0787452
62,10,17500,-0.0812874
62,11,17500,-0.0835764
62,12,17500,-0.0856173
62,13,17500,-0.0874156
62,14,17500,-0.0889767
62,15,17500,-0.0903066
62,16,17500,-0.0914111
62,17,17500,-0.0922962
62,18,17500,-0.092968
62,19,17500,-0.0934323
62,20,17500,-0.0936953
62,21,17500,-0.0937629
62,22,17500,-0.0936411
62,23,17500,-0.0933356
62,24,17500,-0.0928522
62,25,17500,-0.0921966
62,26,17500,-0.0913744
62,27,17500,-0.090391
62,28,17500,-0.0892519
62,29,17500,-0.0879622
62,30,17500,-0.0865272
62,31,17500,-0.0849521
62,32,17500,-0.0832419
62,33,17500,-0.0814016
62,34,17500,-0.0794361
62,35,17500,-0.0773505
62,36,17500,-0.0751496
62,37,17500,-0.0728384
62,38,17500,-0.0704219
62,39,17500,-0.0679051
62,40,17500,-0.0652929
62,41,17500,-0.0625907
62,42,17500,-0.0598036
62,43,17500,-0.056937
62,44,17500,-0.0539963
62,45,17500,-0.0509873
62,46,17500,-0.0479158
62,47,17500,-0.0447877
62,48,17500,-0.0416093
62,49,17500,-0.0383869
62,50,17500,-0.0351273
62,51,17500,-0.0318372
62,52,17500,-0.0285239
62,53,17500,-0.0251947
62,54,17500,-0.0218572
62,55,17500,-0.0185195
62,56,17500,-0.0151896
62,57,17500,-0.0118761
62,58,17500,-0.00858769
62,59,17500,-0.00533337
62,60,17500,-0.00212241
62,61,17500,0.00103569
62,62,17500,0.00413118
62,63,17500,0.0071541
62,64,17500,0.0100943
62,65,17500,0.0129415
62,66,17500,0.0156851
62,67,17500,0.0183147
62,68,17500,0.0208195
62,69,17500,0.0231888
62,70,17500,0.0254119
62,71,17500,0.0274782
62,72,17500,0.0293771
62,73,17500,0.0310982
62,74,17500,0.0326311
62,75,17500,0.033966
62,76,17500,0.0350931
62,77,17500,0.0360031
62,78,17500,0.0366869
62,79,17500,0.0371363
62,80,17500,0.0373432
62,81,17500,0.0373003
62,82,17500,0.0370008
62,83,17500,0.0364387
62,84,17500,0.0356086
62,85,17500,0.0345059
62,86,17500,0.0331267
62,87,17500,0.0314681
62,88,17500,0.0295279
62,89,17500,0.0273048
62,90,17500,0.0247981
62,91,17500,0.0220082
62,92,17500,0.0189363
62,93,17500,0.0155839
62,94,17500,0.0119548
62,95,17500,0.00804779
62,96,17500,0.00388684
62,97,17500,-0.000612853
62,98,17500,-0.00504966
62,99,17500,-0.011179
62,100,17500,-0.011179
63,0,17500,-0.0453883
63,1,17500,-0.0453883
63,2,17500,-0.0510445
63,3,17500,-0.0551009
63,4,17500,-0.059192
63,5,17500,-0.062951
63,6,17500,-0.0664627
63,7,17500,-0.0697112
63,8,17500,-0.072704
63,9,17500,-0.0754438
63,10,17500,-0.077935
63,11,17500,-0.0801821
63,12,17500,-0.08219
63,13,17500,-0.0839638
63,14,17500,-0.0855087
63,15,17500,-0.0868302
63,16,17500,-0.0879338
63,17,17500,-0.0888251
63,18,17500,-0.0895098
63,19,17500,-0.0899936
63,20,17500,-0.0902821
63,21,17500,-0.090381
63,22,17500,-0.0902959
63,23,17500,-0.0900323
63,24,17500,-0.0895956
63,25,17500,-0.0889913
63,26,17500,-0.0882246
63,27,17500,-0.0873008
63,28,17500,-0.0862251
63,29,17500,-0.0850025
63,30,17500,-0.083638
63,31,17500,-0.0821366
63,32,17500,-0.0805033
63,33,17500,-0.0787428
63,34,17500,-0.07686
63,35,17500,-0.0748598
63,36,17500,-0.072747
63,37,17500,-0.0705265
63,38,17500,-0.0682032
63,39,17500,-0.065782
63,40,17500,-0.0632679
63,41,17500,-0.0606661
63,42,17500,-0.0579818
63,43,17500,-0.0552203
63,44,17500,-0.0523872
63,45,17500,-0.0494879
63,46,17500,-0.0465284
63,47,17500,-0.0435145
63,48,17500,-0.0404526
63,49,17500,-0.0373489
63,50,17500,-0.0342101
63,51,17500,-0.031043
63,52,17500,-0.0278546
63,53,17500,-0.0246524
63,54,17500,-0.0214438
63,55,17500,-0.0182367
63,56,17500,-0.0150391
63,57,17500,-0.0118595
63,58,17500,-0.00870623
63,59,17500,-0.00558826
63,60,17500,-0.0025146
63,61,17500,0.000505501
63,62,17500,0.00346256
63,63,17500,0.00634692
63,64,17500,0.00914877
63,65,17500,0.0118581
63,66,17500,0.014465
63,67,17500,0.0169591
63,68,17500,0.0193302
63,69,17500,0.0215682
63,70,17500,0.0236629
63,71,17500,0.0256041
63,72,17500,0.0273818
63,73,17500,0.0289862
63,74,17500,0.0304075
63,75,17500,0.0316365
63,76,17500,0.0326641
63,77,17500,0.0334814
63,78,17500,0.0340803
63,79,17500,0.0344529
63,80,17500,0.0345919
63,81,17500,0.0344904
63,82,17500,0.0341424
63,83,17500,0.0335423
63,84,17500,0.0326853
63,85,17500,0.0315672
63,86,17500,0.0301847
63,87,17500,0.0285351
63,88,17500,0.0266166
63,89,17500,0.0244281
63,90,17500,0.0219693
63,91,17500,0.0192406
63,92,17500,0.0162433
63,93,17500,0.0129791
63,94,17500,0.00945152
63,95,17500,0.00565947
63,96,17500,0.00162617
63,97,17500,-0.00273038
63,98,17500,-0.00702239
63,99,17500,-0.0129452
63,100,17500,-0.0129452
64,0,17500,-0.0431412
64,1,17500,-0.0431412
64,2,17500,-0.0486364
64,3,17500,-0.0525802
64,4,17500,-0.0565598
64,5,17500,-0.0602191
64,6,17500,-0.0636405
64,7,17500,-0.0668085
64,8,17500,-0.0697302
64,9,17500,-0.0724082
64,10,17500,-0.0748468
64,11,17500,-0.07705
64,12,17500,-0.0790226
64,13,17500,-0.0807693
64,14,17500,-0.082295
64,15,17500,-0.0836049
64,16,17500,-0.0847041
64,17,17500,-0.085598
64,18,17500,-0.0862918
64,19,17500,-0.086791
64,20,17500,-0.0871008
64,21,17500,-0.0872266
64,22,17500,-0.0871736
64,23,17500,-0.0869471
64,24,17500,-0.0865523
64,25,17500,-0.0859942
64,26,17500,-0.085278
64,27,17500,-0.0844087
64,28,17500,-0.0833912
64,29,17500,-0.0822303
64,30,17500,-0.0809309
64,31,17500,-0.0794979
64,32,17500,-0.0779359
64,33,17500,-0.0762496
64,34,17500,-0.074444
64,35,17500,-0.0725235
64,36,17500,-0.0704931
64,37,17500,-0.0683576
64,38,17500,-0.0661216
64,39,17500,-0.0637902
64,40,17500,-0.0613683
64,41,17500,-0.0588609
64,42,17500,-0.0562734
64,43,17500,-0.0536109
64,44,17500,-0.050879
64,45,17500,-0.0480832
64,46,17500,-0.0452293
64,47,17500,-0.0423232
64,48,17500,-0.0393711
64,49,17500,-0.0363794
64,50,17500,-0.0333546
64,51,17500,-0.0303035
64,52,17500,-0.0272331
64,53,17500,-0.0241506
64,54,17500,-0.0210635
64,55,17500,-0.0179796
64,56,17500,-0.0149067
64,57,17500,-0.0118531
64,58,17500,-0.00882707
64,59,17500,-0.00583734
64,60,17500,-0.0028927
64,61,17500,-2.1871e-06
64,62,17500,0.00282501
64,63,17500,0.00557953
64,64,17500,0.00825186
64,65,17500,0.0108324
64,66,17500,0.0133115
64,67,17500,0.0156793
64,68,17500,0.0179261
64,69,17500,0.0200421
64,70,17500,0.0220177
64,71,17500,0.0238431
64,72,17500,0.025509
64,73,17500,0.0270059
64,74,17500,0.0283249
64,75,17500,0.0294571
64,76,17500,0.0303941
64,77,17500,0.0311276
64,78,17500,0.0316501
64,79,17500,0.0319542
64,80,17500,0.0320331
64,81,17500,0.0318808
64,82,17500,0.0314915
64,83,17500,0.0308602
64,84,17500,0.0299826
64,85,17500,0.0288549
64,86,17500,0.0274743
64,87,17500,0.0258384
64,88,17500,0.0239456
64,89,17500,0.0217951
64,90,17500,0.0193869
64,91,17500,0.0167214
64,92,17500,0.0138
64,93,17500,0.0106244
64,94,17500,0.00719817
64,95,17500,0.00352011
64,96,17500,-0.000387346
64,97,17500,-0.00460341
64,98,17500,-0.00875377
64,99,17500,-0.0144753
64,100,17500,-0.0144753
65,0,17500,-0.0411496
65,1,17500,-0.0411496
65,2,17500,-0.0464855
65,3,17500,-0.0503174
65,4,17500,-0.0541861
65,5,17500,-0.0577459
65,6,17500,-0.0610768
65,7,17500,-0.0641637
65,8,17500,-0.0670134
65,9,17500,-0.0696285
65,10,17500,-0.0720128
65,11,17500,-0.0741704
65,12,17500,-0.0761056
65,13,17500,-0.0778227
65,14,17500,-0.0793266
65,15,17500,-0.0806219
65,16,17500,-0.0817137
65,17,17500,-0.0826067
65,18,17500,-0.0833061
65,19,17500,-0.0838168
65,20,17500,-0.0841439
65,21,17500,-0.0842924
65,22,17500,-0.0842673
65,23,17500,-0.0840735
65,24,17500,-0.0837159
65,25,17500,-0.0831995
65,26,17500,-0.082529
65,27,17500,-0.0817092
65,28,17500,-0.0807449
65,29,17500,-0.0796407
65,30,17500,-0.0784013
65,31,17500,-0.0770313
65,32,17500,-0.0755354
65,33,17500,-0.0739181
65,34,17500,-0.0721841
65,35,17500,-0.0703379
65,36,17500,-0.0683844
65,37,17500,-0.0663281
65,38,17500,-0.0641738
65,39,17500,-0.0619264
65,40,17500,-0.0595908
65,41,17500,-0.0571721
65,42,17500,-0.0546753
65,43,17500,-0.0521058
65,44,17500,-0.0494689
65,45,17500,-0.0467703
65,46,17500,-0.0440157
65,47,17500,-0.041211
65,48,17500,-0.0383623
65,49,17500,-0.035476
65,50,17500,-0.0325584
65,51,17500,-0.0296164
65,52,17500,-0.0266569
65,53,17500,-0.0236871
65,54,17500,-0.0207143
65,55,17500,-0.0177461
65,56,17500,-0.0147903
65,57,17500,-0.011855
65,58,17500,-0.00894843
65,59,17500,-0.00607899
65,60,17500,-0.00325529
65,61,17500,-0.000486134
65,62,17500,0.00221955
65,63,17500,0.00485269
65,64,17500,0.00740409
65,65,17500,0.00986449
65,66,17500,0.0122246
65,67,17500,0.0144749
65,68,17500,0.0166063
65,69,17500,0.0186092
65,70,17500,0.0204746
65,71,17500,0.0221932
65,72,17500,0.0237561
65,73,17500,0.0251545
65,74,17500,0.0263798
65,75,17500,0.0274238
65,76,17500,0.0282786
65,77,17500,0.0289366
65,78,17500,0.0293906
65,79,17500,0.0296339
65,80,17500,0.0296603
65,81,17500,0.0294641
65,82,17500,0.0290402
65,83,17500,0.028384
65,84,17500,0.0274916
65,85,17500,0.0263597
65,86,17500,0.0249857
65,87,17500,0.0233677
65,88,17500,0.0215043
65,89,17500,0.0193949
65,90,17500,0.0170396
65,91,17500,0.0144391
65,92,17500,0.0115947
65,93,17500,0.00850818
65,94,17500,0.0051829
65,95,17500,0.00161779
65,96,17500,-0.00216555
65,97,17500,-0.00624366
65,98,17500,-0.0102553
65,99,17500,-0.0157807
65,100,17500,-0.0157807
66,0,17500,-0.0394041
66,1,17500,-0.0394041
66,2,17500,-0.0445822
66,3,17500,-0.048303
66,4,17500,-0.0520613
66,5,17500,-0.0555217
66,6,17500,-0.0587618
66,7,17500,-0.0617671
66,8,17500,-0.0645441
66,9,17500,-0.0670951
66,10,17500,-0.0694238
66,11,17500,-0.071534
66,12,17500,-0.0734297
66,13,17500,-0.0751152
66,14,17500,-0.0765947
66,15,17500,-0.0778728
66,16,17500,-0.0789541
66,17,17500,-0.0798431
66,18,17500,-0.0805447
66,19,17500,-0.0810635
66,20,17500,-0.0814042
66,21,17500,-0.0815716
66,22,17500,-0.0815703
66,23,17500,-0.081405
66,24,17500,-0.0810805
66,25,17500,-0.0806013
66,26,17500,-0.079972
66,27,17500,-0.0791971
66,28,17500,-0.0782812
66,29,17500,-0.0772289
66,30,17500,-0.0760445
66,31,17500,-0.0747326
66,32,17500,-0.0732976
66,33,17500,-0.071744
66,34,17500,-0.0700764
66,35,17500,-0.0682992
66,36,17500,-0.066417
66,37,17500,-0.0644345
66,38,17500,-0.0623564
66,39,17500,-0.0601874
66,40,17500,-0.0579324
66,41,17500,-0.0555964
66,42,17500,-0.0531845
66,43,17500,-0.0507019
66,44,17500,-0.0481541
66,45,17500,-0.0455466
66,46,17500,-0.042885
66,47,17500,-0.0401753
66,48,17500,-0.0374235
66,49,17500,-0.0346358
66,50,17500,-0.0318189
66,51,17500,-0.0289792
66,52,17500,-0.0261237
66,53,17500,-0.0232594
66,54,17500,-0.0203937
66,55,17500,-0.0175339
66,56,17500,-0.0146879
66,57,17500,-0.0118634
66,58,17500,-0.00906854
66,59,17500,-0.00631158
66,60,17500,-0.00360091
66,61,17500,-0.000945087
66,62,17500,0.00164721
66,63,17500,0.0041672
66,64,17500,0.00660598
66,65,17500,0.00895463
66,66,17500,0.0112042
66,67,17500,0.0133456
66,68,17500,0.01537
66,69,17500,0.0172684
66,70,17500,0.0190321
66,71,17500,0.0206524
66,72,17500,0.0221207
66,73,17500,0.0234289
66,74,17500,0.0245688
66,75,17500,0.0255327
66,76,17500,0.0263133
66,77,17500,0.0269034
66,78,17500,0.0272964
66,79,17500,0.0274861
66,80,17500,0.0274668
66,81,17500,0.0272333
66,82,17500,0.026781
66,83,17500,0.0261056
66,84,17500,0.0252038
66,85,17500,0.0240725
66,86,17500,0.0227096
66,87,17500,0.0211133
66,88,17500,0.0192826
66,89,17500,0.017217
66,90,17500,0.0149169
66,91,17500,0.0123828
66,92,17500,0.00961636
66,93,17500,0.00661914
66,94,17500,0.00339447
66,95,17500,-5.87032e-05
66,96,17500,-0.0037196
66,97,17500,-0.00766215
66,98,17500,-0.011538
66,99,17500,-0.0168718
66,100,17500,-0.0168718
67,0,17500,-0.0378958
67,1,17500,-0.0378958
67,2,17500,-0.0429175
67,3,17500,-0.0465277
67,4,17500,-0.0501759
67,5,17500,-0.053537
67,6,17500,-0.0566862
67,7,17500,-0.0596093
67,8,17500,-0.0623128
67,9,17500,-0.0647986
67,10,17500,-0.0670704
67,11,17500,-0.0691316
67,12,17500,-0.0709861
67,13,17500,-0.0726378
67,14,17500,-0.0740908
67,15,17500,-0.0753491
67,16,17500,-0.0764173
67,17,17500,-0.0772995
67,18,17500,-0.0780002
67,19,17500,-0.0785237
67,20,17500,-0.0788746
67,21,17500,-0.0790573
67,22,17500,-0.0790761
67,23,17500,-0.0789355
67,24,17500,-0.07864
67,25,17500,-0.0781938
67,26,17500,-0.0776013
67,27,17500,-0.076867
67,28,17500,-0.0759951
67,29,17500,-0.0749899
67,30,17500,-0.0738559
67,31,17500,-0.0725972
67,32,17500,-0.0712182
67,33,17500,-0.0697234
67,34,17500,-0.068117
67,35,17500,-0.0664036
67,36,17500,-0.0645875
67,37,17500,-0.0626734
67,38,17500,-0.0606659
67,39,17500,-0.0585698
67,40,17500,-0.0563897
67,41,17500,-0.0541307
67,42,17500,-0.0517979
67,43,17500,-0.0493964
67,44,17500,-0.0469316
67,45,17500,-0.044409
67,46,17500,-0.0418342
67,47,17500,-0.0392132
67,48,17500,-0.0365518
67,49,17500,-0.0338564
67,50,17500,-0.0311334
67,51,17500,-0.0283893
67,52,17500,-0.0256309
67,53,17500,-0.0228652
67,54,17500,-0.0200995
67,55,17500,-0.017341
67,56,17500,-0.0145973
67,57,17500,-0.0118762
67,58,17500,-0.00918559
67,59,17500,-0.00653349
67,60,17500,-0.00392812
67,61,17500,-0.0013778
67,62,17500,0.00110904
67,63,17500,0.00352386
67,64,17500,0.00585809
67,65,17500,0.00810309
67,66,17500,0.0102502
67,67,17500,0.0122909
67,68,17500,0.0142165
67,69,17500,0.0160186
67,70,17500,0.0176888
67,71,17500,0.0192188
67,72,17500,0.0206006
67,73,17500,0.0218264
67,74,17500,0.0228887
67,75,17500,0.0237802
67,76,17500,0.0244939
67,77,17500,0.0250233
67,78,17500,0.0253623
67,79,17500,0.0255051
67,80,17500,0.0254466
67,81,17500,0.0251818
67,82,17500,0.0247067
67,83,17500,0.0240175
67,84,17500,0.0231111
67,85,17500,0.0219849
67,86,17500,0.020637
67,87,17500,0.0190659
67,88,17500,0.0172709
67,89,17500,0.0152516
67,90,17500,0.0130084
67,91,17500,0.0105423
67,92,17500,0.00785446
67,93,17500,0.00494674
67,94,17500,0.00182229
67,95,17500,-0.00151995
67,96,17500,-0.00505998
67,97,17500,-0.00886921
67,98,17500,-0.0126118
67,99,17500,-0.0177584
67,100,17500,-0.0177584
68,0,17500,-0.0366163
68,1,17500,-0.0366163
68,2,17500,-0.0414824
68,3,17500,-0.0449826
68,4,17500,-0.048521
68,5,17500,-0.0517827
68,6,17500,-0.0548408
68,7,17500,-0.0576813
68,8,17500,-0.0603104
68,9,17500,-0.0627301
68,10,17500,-0.0649437
68,11,17500,-0.0669546
68,12,17500,-0.0687662
68,13,17500,-0.0703822
68,14,17500,-0.0718065
68,15,17500,-0.0730429
68,16,17500,-0.0740954
68,17,17500,-0.0749681
68,18,17500,-0.0756651
68,19,17500,-0.0761905
68,20,17500,-0.0765484
68,21,17500,-0.0767429
68,22,17500,-0.0767784
68,23,17500,-0.0766588
68,24,17500,-0.0763884
68,25,17500,-0.0759714
68,26,17500,-0.0754118
68,27,17500,-0.0747138
68,28,17500,-0.0738815
68,29,17500,-0.0729191
68,30,17500,-0.0718308
68,31,17500,-0.0706207
68,32,17500,-0.0692931
68,33,17500,-0.0678521
68,34,17500,-0.066302
68,35,17500,-0.0646473
68,36,17500,-0.0628922
68,37,17500,-0.0610412
68,38,17500,-0.059099
68,39,17500,-0.0570702
68,40,17500,-0.0549596
68,41,17500,-0.052772
68,42,17500,-0.0505124
68,43,17500,-0.0481861
68,44,17500,-0.0457984
68,45,17500,-0.0433547
68,46,17500,-0.0408606
68,47,17500,-0.0383219
68,48,17500,-0.0357447
68,49,17500,-0.0331351
68,50,17500,-0.0304994
68,51,17500,-0.0278442
68,52,17500,-0.0251761
68,53,17500,-0.0225022
68,54,17500,-0.0198294
68,55,17500,-0.0171651
68,56,17500,-0.0145166
68,57,17500,-0.0118916
68,58,17500,-0.00929782
68,59,17500,-0.0067431
68,60,17500,-0.00423546
68,61,17500,-0.001783
68,62,17500,0.000606063
68,63,17500,0.00292348
68,64,17500,0.00516095
68,65,17500,0.00731015
68,66,17500,0.00936277
68,67,17500,0.0113105
68,68,17500,0.0131452
68,69,17500,0.0148588
68,70,17500,0.0164432
68,71,17500,0.0178906
68,72,17500,0.0191935
68,73,17500,0.0203445
68,74,17500,0.0213365
68,75,17500,0.0221626
68,76,17500,0.0228165
68,77,17500,0.023292
68,78,17500,0.0235835
68,79,17500,0.0236856
68,80,17500,0.0235936
68,81,17500,0.0233033
68,82,17500,0.0228106
68,83,17500,0.0221124
68,84,17500,0.0212059
68,85,17500,0.0200888
68,86,17500,0.0187595
68,87,17500,0.0172168
68,88,17500,0.01546
68,89,17500,0.0134892
68,90,17500,0.0113047
68,91,17500,0.00890754
68,92,17500,0.00629907
68,93,17500,0.00348097
68,94,17500,0.000456319
68,95,17500,-0.00277593
68,96,17500,-0.0061966
68,97,17500,-0.0098746
68,98,17500,-0.0134863
68,99,17500,-0.0184497
68,100,17500,-0.0184497
69,0,17500,-0.035557
69,1,17500,-0.035557
69,2,17500,-0.0402685
69,3,17500,-0.043659
69,4,17500,-0.0470877
69,5,17500,-0.0502501
69,6,17500,-0.0532166
69,7,17500,-0.055974
69,8,17500,-0.0585281
69,9,17500,-0.0608808
69,10,17500,-0.0630351
69,11,17500,-0.0649943
69,12,17500,-0.0667615
69,13,17500,-0.0683402
69,14,17500,-0.0697339
69,15,17500,-0.0709463
69,16,17500,-0.0719809
69,17,17500,-0.0728417
69,18,17500,-0.0735323
69,19,17500,-0.0740567
69,20,17500,-0.0744187
69,21,17500,-0.0746221
69,22,17500,-0.0746709
69,23,17500,-0.074569
69,24,17500,-0.0743202
69,25,17500,-0.0739286
69,26,17500,-0.073398
69,27,17500,-0.0727323
69,28,17500,-0.0719356
69,29,17500,-0.0710118
69,30,17500,-0.0699649
69,31,17500,-0.068799
69,32,17500,-0.067518
69,33,17500,-0.0661261
69,34,17500,-0.0646276
69,35,17500,-0.0630266
69,36,17500,-0.0613274
69,37,17500,-0.0595345
69,38,17500,-0.0576523
69,39,17500,-0.0556855
69,40,17500,-0.0536388
69,41,17500,-0.051517
69,42,17500,-0.0493251
69,43,17500,-0.0470682
69,44,17500,-0.0447516
69,45,17500,-0.0423808
69,46,17500,-0.0399613
69,47,17500,-0.0374988
69,48,17500,-0.0349994
69,49,17500,-0.0324692
69,50,17500,-0.0299143
69,51,17500,-0.0273414
69,52,17500,-0.024757
69,53,17500,-0.022168
69,54,17500,-0.0195813
69,55,17500,-0.0170041
69,56,17500,-0.0144438
69,57,17500,-0.0119077
69,58,17500,-0.00940346
69,59,17500,-0.00693879
69,60,17500,-0.00452149
69,61,17500,-0.00215946
69,62,17500,0.000139337
69,63,17500,0.00236689
69,64,17500,0.00451516
69,65,17500,0.00657613
69,66,17500,0.00854179
69,67,17500,0.0104042
69,68,17500,0.0121555
69,69,17500,0.013788
69,70,17500,0.015294
69,71,17500,0.0166662
69,72,17500,0.0178974
69,73,17500,0.0189806
69,74,17500,0.0199091
69,75,17500,0.0206767
69,76,17500,0.0212772
69,77,17500,0.0217051
69,78,17500,0.0219551
69,79,17500,0.0220223
69,80,17500,0.0219024
69,81,17500,0.0215915
69,82,17500,0.0210862
69,83,17500,0.0203834
69,84,17500,0.0194808
69,85,17500,0.0183765
69,86,17500,0.017069
69,87,17500,0.0155574
69,88,17500,0.0138414
69,89,17500,0.0119209
69,90,17500,0.00979658
69,91,17500,0.00746938
69,92,17500,0.00494076
69,93,17500,0.00221233
69,94,17500,-0.000712947
69,95,17500,-0.00383613
69,96,17500,-0.0071388
69,97,17500,-0.0106875
69,98,17500,-0.0141705
69,99,17500,-0.0189544
69,100,17500,-0.0189544
70,0,17500,-0.03471
70,1,17500,-0.03471
70,2,17500,-0.0392674
70,3,17500,-0.0425484
70,4,17500,-0.0458676
70,5,17500,-0.0489304
70,6,17500,-0.0518052
70,7,17500,-0.0544789
70,8,17500,-0.0569573
70,9,17500,-0.0592421
70,10,17500,-0.0613362
70,11,17500,-0.0632424
70,12,17500,-0.0649639
70,13,17500,-0.0665037
70,14,17500,-0.0678652
70,15,17500,-0.0690516
70,16,17500,-0.0700663
70,17,17500,-0.0709129
70,18,17500,-0.0715949
70,19,17500,-0.0721157
70,20,17500,-0.0724791
70,21,17500,-0.0726885
70,22,17500,-0.0727476
70,23,17500,-0.0726602
70,24,17500,-0.0724297
70,25,17500,-0.0720601
70,26,17500,-0.0715548
70,27,17500,-0.0709178
70,28,17500,-0.0701528
70,29,17500,-0.0692635
70,30,17500,-0.0682538
70,31,17500,-0.0671277
70,32,17500,-0.065889
70,33,17500,-0.0645417
70,34,17500,-0.06309
70,35,17500,-0.0615379
70,36,17500,-0.0598897
70,37,17500,-0.0581497
70,38,17500,-0.0563224
70,39,17500,-0.0544124
70,40,17500,-0.0524242
70,41,17500,-0.0503627
70,42,17500,-0.0482328
70,43,17500,-0.0460396
70,44,17500,-0.0437884
70,45,17500,-0.0414845
70,46,17500,-0.0391335
70,47,17500,-0.0367411
70,48,17500,-0.0343133
70,49,17500,-0.0318561
70,50,17500,-0.0293756
70,51,17500,-0.0268784
70,52,17500,-0.0243711
70,53,17500,-0.0218602
70,54,17500,-0.0193528
70,55,17500,-0.0168559
70,56,17500,-0.0143767
70,57,17500,-0.0119225
70,58,17500,-0.00950074
70,59,17500,-0.00711895
70,60,17500,-0.00478478
70,61,17500,-0.00250591
70,62,17500,-0.000290089
70,63,17500,0.00185491
70,64,17500,0.00392131
70,65,17500,0.00590137
70,66,17500,0.00778737
70,67,17500,0.0095717
70,68,17500,0.0112468
70,69,17500,0.0128054
70,70,17500,0.0142401
70,71,17500,0.015544
70,72,17500,0.0167102
70,73,17500,0.0177323
70,74,17500,0.0186039
70,75,17500,0.0193192
70,76,17500,0.0198725
70,77,17500,0.0202586
70,78,17500,0.0204727
70,79,17500,0.0205103
70,80,17500,0.0203676
70,81,17500,0.0200408
70,82,17500,0.0195271
70,83,17500,0.0188238
70,84,17500,0.0179289
70,85,17500,0.0168406
70,86,17500,0.0155578
70,87,17500,0.0140799
70,88,17500,0.0124066
70,89,17500,0.0105382
70,90,17500,0.00847525
70,91,17500,0.00621889
70,92,17500,0.00377053
70,93,17500,0.00113177
70,94,17500,-0.00169457
70,95,17500,-0.00470953
70,96,17500,-0.00789549
70,97,17500,-0.0113166
70,98,17500,-0.014673
70,99,17500,-0.0192805
70,100,17500,-0.0192805
71,0,17500,-0.0340674
71,1,17500,-0.0340674
71,2,17500,-0.0384711
71,3,17500,-0.0416427
71,4,17500,-0.0448523
71,5,17500,-0.0478153
71,6,17500,-0.0505979
71,7,17500,-0.0531876
71,8,17500,-0.0555896
71,9,17500,-0.0578057
71,10,17500,-0.0598386
71,11,17500,-0.0616908
71,12,17500,-0.0633653
71,13,17500,-0.0648649
71,14,17500,-0.0661926
71,15,17500,-0.0673514
71,16,17500,-0.0683444
71,17,17500,-0.0691749
71,18,17500,-0.069846
71,19,17500,-0.070361
71,20,17500,-0.0707232
71,21,17500,-0.070936
71,22,17500,-0.0710028
71,23,17500,-0.0709268
71,24,17500,-0.0707116
71,25,17500,-0.0703606
71,26,17500,-0.0698774
71,27,17500,-0.0692654
71,28,17500,-0.0685283
71,29,17500,-0.0676697
71,30,17500,-0.0666933
71,31,17500,-0.0656028
71,32,17500,-0.0644021
71,33,17500,-0.063095
71,34,17500,-0.0616855
71,35,17500,-0.0601777
71,36,17500,-0.0585756
71,37,17500,-0.0568837
71,38,17500,-0.0551062
71,39,17500,-0.0532477
71,40,17500,-0.0513127
71,41,17500,-0.0493061
71,42,17500,-0.0472326
71,43,17500,-0.0450975
71,44,17500,-0.0429059
71,45,17500,-0.040663
71,46,17500,-0.0383746
71,47,17500,-0.0360462
71,48,17500,-0.0336838
71,49,17500,-0.0312932
71,50,17500,-0.0288808
71,51,17500,-0.0264529
71,52,17500,-0.024016
71,53,17500,-0.0215767
71,54,17500,-0.0191418
71,55,17500,-0.0167184
71,56,17500,-0.0143135
71,57,17500,-0.0119342
71,58,17500,-0.00958793
71,59,17500,-0.007282
71,60,17500,-0.00502389
71,61,17500,-0.0028211
71,62,17500,-0.000681154
71,63,17500,0.00138839
71,64,17500,0.00338002
71,65,17500,0.00528623
71,66,17500,0.00709961
71,67,17500,0.00881283
71,68,17500,0.0104187
71,69,17500,0.0119101
71,70,17500,0.0132803
71,71,17500,0.0145224
71,72,17500,0.0156302
71,73,17500,0.0165975
71,74,17500,0.0174183
71,75,17500,0.0180872
71,76,17500,0.0185989
71,77,17500,0.0189487
71,78,17500,0.019132
71,79,17500,0.019145
71,80,17500,0.0189839
71,81,17500,0.0186457
71,82,17500,0.0181276
71,83,17500,0.0174275
71,84,17500,0.0165434
71,85,17500,0.015474
71,86,17500,0.0142185
71,87,17500,0.0127765
71,88,17500,0.0111478
71,89,17500,0.00933284
71,90,17500,0.00733239
71,91,17500,0.00514755
71,92,17500,0.00277977
71,93,17500,0.00023062
71,94,17500,-0.00249719
71,95,17500,-0.00540473
71,96,17500,-0.00847513
71,97,17500,-0.0117702
71,98,17500,-0.0150017
71,99,17500,-0.0194358
71,100,17500,-0.0194358
72,0,17500,-0.0336215
72,1,17500,-0.0336215
72,2,17500,-0.0378716
72,3,17500,-0.0409338
72,4,17500,-0.0440335
72,5,17500,-0.0468965
72,6,17500,-0.0495866
72,7,17500,-0.0520916
72,8,17500,-0.0544167
72,9,17500,-0.0565634
72,10,17500,-0.0585342
72,11,17500,-0.0603316
72,12,17500,-0.061958
72,13,17500,-0.0634162
72,14,17500,-0.0647087
72,15,17500,-0.0658384
72,16,17500,-0.0668081
72,17,17500,-0.0676207
72,18,17500,-0.068279
72,19,17500,-0.0687862
72,20,17500,-0.0691451
72,21,17500,-0.0693589
72,22,17500,-0.0694306
72,23,17500,-0.0693634
72,24,17500,-0.0691606
72,25,17500,-0.0688253
72,26,17500,-0.0683608
72,27,17500,-0.0677705
72,28,17500,-0.0670579
72,29,17500,-0.0662262
72,30,17500,-0.0652792
72,31,17500,-0.0642204
72,32,17500,-0.0630536
72,33,17500,-0.0617823
72,34,17500,-0.0604107
72,35,17500,-0.0589425
72,36,17500,-0.057382
72,37,17500,-0.0557332
72,38,17500,-0.0540005
72,39,17500,-0.0521884
72,40,17500,-0.0503014
72,41,17500,-0.0483443
72,42,17500,-0.0463218
72,43,17500,-0.0442391
72,44,17500,-0.0421013
72,45,17500,-0.0399137
72,46,17500,-0.0376819
72,47,17500,-0.0354115
72,48,17500,-0.0331082
72,49,17500,-0.0307782
72,50,17500,-0.0284275
72,51,17500,-0.0260624
72,52,17500,-0.0236894
72,53,17500,-0.0213151
72,54,17500,-0.0189462
72,55,17500,-0.0165895
72,56,17500,-0.0142521
72,57,17500,-0.011941
72,58,17500,-0.0096633
72,59,17500,-0.00742635
72,60,17500,-0.0052374
72,61,17500,-0.00310377
72,62,17500,-0.00103278
72,63,17500,0.000968214
72,64,17500,0.00289194
72,65,17500,0.00473114
72,66,17500,0.00647868
72,67,17500,0.0081275
72,68,17500,0.0096707
72,69,17500,0.0111015
72,70,17500,0.0124135
72,71,17500,0.0136002
72,72,17500,0.0146556
72,73,17500,0.015574
72,74,17500,0.0163497
72,75,17500,0.0169777
72,76,17500,0.0174532
72,77,17500,0.0177717
72,78,17500,0.0179291
72,79,17500,0.0179219
72,80,17500,0.0177467
72,81,17500,0.0174009
72,82,17500,0.016882
72,83,17500,0.0161882
72,84,17500,0.0153179
72,85,17500,0.0142701
72,86,17500,0.0130442
72,87,17500,0.0116399
72,88,17500,0.0100573
72,89,17500,0.00829707
72,90,17500,0.00635997
72,91,17500,0.0042472
72,92,17500,0.00196022
72,93,17500,-0.000499419
72,94,17500,-0.00312912
72,95,17500,-0.00592996
72,96,17500,-0.00888582
72,97,17500,-0.0120563
72,98,17500,-0.0151644
72,99,17500,-0.0194275
72,100,17500,-0.0194275
73,0,17500,-0.0333648
73,1,17500,-0.0333648
73,2,17500,-0.0374612
73,3,17500,-0.0404136
73,4,17500,-0.0434033
73,5,17500,-0.0461659
73,6,17500,-0.048763
73,7,17500,-0.0511829
73,8,17500,-0.0534305
73,9,17500,-0.0555072
73,10,17500,-0.0574152
73,11,17500,-0.0591569
73,12,17500,-0.0607343
73,13,17500,-0.06215
73,14,17500,-0.0634063
73,15,17500,-0.0645057
73,16,17500,-0.0654506
73,17,17500,-0.0662437
73,18,17500,-0.0668877
73,19,17500,-0.067385
73,20,17500,-0.0677386
73,21,17500,-0.0679512
73,22,17500,-0.0680257
73,23,17500,-0.0679648
73,24,17500,-0.0677716
73,25,17500,-0.0674492
73,26,17500,-0.0670005
73,27,17500,-0.0664287
73,28,17500,-0.0657372
73,29,17500,-0.064929
73,30,17500,-0.0640078
73,31,17500,-0.0629768
73,32,17500,-0.0618398
73,33,17500,-0.0606003
73,34,17500,-0.0592621
73,35,17500,-0.0578292
73,36,17500,-0.0563054
73,37,17500,-0.0546951
73,38,17500,-0.0530023
73,39,17500,-0.0512316
73,40,17500,-0.0493874
73,41,17500,-0.0474744
73,42,17500,-0.0454975
73,43,17500,-0.0434617
73,44,17500,-0.0413721
73,45,17500,-0.039234
73,46,17500,-0.0370529
73,47,17500,-0.0348343
73,48,17500,-0.0325842
73,49,17500,-0.0303085
73,50,17500,-0.0280132
73,51,17500,-0.0257046
73,52,17500,-0.0233891
73,53,17500,-0.0210733
73,54,17500,-0.0187637
73,55,17500,-0.0164672
73,56,17500,-0.0141906
73,57,17500,-0.0119409
73,58,17500,-0.00972515
73,59,17500,-0.00755043
73,60,17500,-0.00542388
73,61,17500,-0.00335264
73,62,17500,-0.00134389
73,63,17500,0.000595274
73,64,17500,0.00245776
73,65,17500,0.00423657
73,66,17500,0.0059248
73,67,17500,0.00751567
73,68,17500,0.00900257
73,69,17500,0.0103791
73,70,17500,0.0116389
73,71,17500,0.0127761
73,72,17500,0.0137849
73,73,17500,0.0146599
73,74,17500,0.015396
73,75,17500,0.0159882
73,76,17500,0.0164323
73,77,17500,0.0167242
73,78,17500,0.0168601
73,79,17500,0.0168367
73,80,17500,0.0166513
73,81,17500,0.0163014
73,82,17500,0.0157849
73,83,17500,0.0151004
73,84,17500,0.0142464
73,85,17500,0.0132224
73,86,17500,0.012028
73,87,17500,0.010663
73,88,17500,0.00912788
73,89,17500,0.00742332
73,90,17500,0.00555027
73,91,17500,0.00350996
73,92,17500,0.00130391
73,93,17500,-0.00106637
73,94,17500,-0.00359837
73,95,17500,-0.00629318
73,96,17500,-0.00913539
73,97,17500,-0.0121824
73,98,17500,-0.0151684
73,99,17500,-0.0192626
73,100,17500,-0.0192626
74,0,17500,-0.0332899
74,1,17500,-0.0332899
74,2,17500,-0.037232
74,3,17500,-0.0400744
74,4,17500,-0.0429535
74,5,17500,-0.0456153
74,6,17500,-0.048119
74,7,17500,-0.0504533
74,8,17500,-0.0526229
74,9,17500,-0.054629
74,10,17500,-0.0564737
74,11,17500,-0.058159
74,12,17500,-0.0596867
74,13,17500,-0.0610591
74,14,17500,-0.0622782
74,15,17500,-0.0633462
74,16,17500,-0.0642652
74,17,17500,-0.0650376
74,18,17500,-0.0656656
74,19,17500,-0.0661517
74,20,17500,-0.0664982
74,21,17500,-0.0667077
74,22,17500,-0.0667827
74,23,17500,-0.0667259
74,24,17500,-0.06654
74,25,17500,-0.0662277
74,26,17500,-0.065792
74,27,17500,-0.0652358
74,28,17500,-0.0645622
74,29,17500,-0.0637742
74,30,17500,-0.0628751
74,31,17500,-0.0618683
74,32,17500,-0.0607573
74,33,17500,-0.0595454
74,34,17500,-0.0582366
74,35,17500,-0.0568345
74,36,17500,-0.0553431
74,37,17500,-0.0537664
74,38,17500,-0.0521088
74,39,17500,-0.0503744
74,40,17500,-0.0485679
74,41,17500,-0.0466939
74,42,17500,-0.0447572
74,43,17500,-0.0427627
74,44,17500,-0.0407156
74,45,17500,-0.0386212
74,46,17500,-0.036485
74,47,17500,-0.0343124
74,48,17500,-0.0321094
74,49,17500,-0.0298818
74,50,17500,-0.0276357
74,51,17500,-0.0253773
74,52,17500,-0.0231129
74,53,17500,-0.0208491
74,54,17500,-0.0185924
74,55,17500,-0.0163494
74,56,17500,-0.0141271
74,57,17500,-0.0119323
74,58,17500,-0.00977178
74,59,17500,-0.00765265
74,60,17500,-0.00558188
74,61,17500,-0.00356645
74,62,17500,-0.00161334
74,63,17500,0.000270509
74,64,17500,0.00207823
74,65,17500,0.00380304
74,66,17500,0.00543827
74,67,17500,0.0069774
74,68,17500,0.00841408
74,69,17500,0.00974216
74,70,17500,0.0109557
74,71,17500,0.012049
74,72,17500,0.0130166
74,73,17500,0.0138535
74,74,17500,0.0145549
74,75,17500,0.0151163
74,76,17500,0.0155335
74,77,17500,0.015803
74,78,17500,0.0159213
74,79,17500,0.0158856
74,80,17500,0.0156934
74,81,17500,0.0153425
74,82,17500,0.0148313
74,83,17500,0.0141584
74,84,17500,0.0133231
74,85,17500,0.0123248
74,86,17500,0.0111634
74,87,17500,0.00983907
74,88,17500,0.00835244
74,89,17500,0.00670431
74,90,17500,0.00489579
74,91,17500,0.00292821
74,92,17500,0.000803098
74,93,17500,-0.00147802
74,94,17500,-0.00391272
74,95,17500,-0.00650207
74,96,17500,-0.00923141
74,97,17500,-0.0121559
74,98,17500,-0.0150208
74,99,17500,-0.0189477
74,100,17500,-0.0189477
75,0,17500,-0.0333893
75,1,17500,-0.0333893
75,2,17500,-0.0371765
75,3,17500,-0.0399082
75,4,17500,-0.0426763
75,5,17500,-0.0452368
75,6,17500,-0.0476466
75,7,17500,-0.0498948
75,8,17500,-0.051986
75,9,17500,-0.0539211
75,10,17500,-0.055702
75,11,17500,-0.0573303
75,12,17500,-0.0588078
75,13,17500,-0.0601363
75,14,17500,-0.0613175
75,15,17500,-0.0623533
75,16,17500,-0.0632455
75,17,17500,-0.063996
75,18,17500,-0.064607
75,19,17500,-0.0650804
75,20,17500,-0.0654183
75,21,17500,-0.065623
75,22,17500,-0.0656967
75,23,17500,-0.0656419
75,24,17500,-0.065461
75,25,17500,-0.0651566
75,26,17500,-0.0647312
75,27,17500,-0.0641878
75,28,17500,-0.063529
75,29,17500,-0.062758
75,30,17500,-0.0618778
75,31,17500,-0.0608916
75,32,17500,-0.0598028
75,33,17500,-0.0586147
75,34,17500,-0.0573311
75,35,17500,-0.0559555
75,36,17500,-0.054492
75,37,17500,-0.0529445
75,38,17500,-0.0513171
75,39,17500,-0.0496143
75,40,17500,-0.0478404
75,41,17500,-0.0460001
75,42,17500,-0.0440982
75,43,17500,-0.0421396
75,44,17500,-0.0401295
75,45,17500,-0.0380731
75,46,17500,-0.0359759
75,47,17500,-0.0338434
75,48,17500,-0.0316814
75,49,17500,-0.0294958
75,50,17500,-0.0272927
75,51,17500,-0.0250782
75,52,17500,-0.0228586
75,53,17500,-0.0206404
75,54,17500,-0.0184301
75,55,17500,-0.0162343
75,56,17500,-0.0140598
75,57,17500,-0.0119132
75,58,17500,-0.0098015
75,59,17500,-0.00773146
75,60,17500,-0.00570997
75,61,17500,-0.00374387
75,62,17500,-0.00184
75,63,17500,-5.09907e-06
75,64,17500,0.00175414
75,65,17500,0.00343114
75,66,17500,0.00501947
75,67,17500,0.00651283
75,68,17500,0.00790513
75,69,17500,0.00919047
75,70,17500,0.0103632
75,71,17500,0.0114179
75,72,17500,0.0123496
75,73,17500,0.0131533
75,74,17500,0.0138246
75,75,17500,0.0143595
75,76,17500,0.0147541
75,77,17500,0.0150051
75,78,17500,0.0151095
75,79,17500,0.0150648
75,80,17500,0.0148688
75,81,17500,0.0145197
75,82,17500,0.0140161
75,83,17500,0.0133572
75,84,17500,0.0125423
75,85,17500,0.0115712
75,86,17500,0.0104442
75,87,17500,0.00916155
75,88,17500,0.00772415
75,89,17500,0.00613297
75,90,17500,0.00438929
75,91,17500,0.00249451
75,92,17500,0.000450251
75,93,17500,-0.00174195
75,94,17500,-0.00407976
75,95,17500,-0.0065642
75,96,17500,-0.0091813
75,97,17500,-0.011984
75,98,17500,-0.0147287
75,99,17500,-0.0184894
75,100,17500,-0.0184894
76,0,17500,-0.0336557
76,1,17500,-0.0336557
76,2,17500,-0.0372868
76,3,17500,-0.0399072
76,4,17500,-0.0425636
76,5,17500,-0.0450222
76,6,17500,-0.0473376
76,7,17500,-0.0494994
76,8,17500,-0.0515118
76,9,17500,-0.0533755
76,10,17500,-0.0550923
76,11,17500,-0.0566634
76,12,17500,-0.0580904
76,13,17500,-0.0593745
76,14,17500,-0.0605173
76,15,17500,-0.0615203
76,16,17500,-0.062385
76,17,17500,-0.063113
76,18,17500,-0.0637059
76,19,17500,-0.0641654
76,20,17500,-0.0644935
76,21,17500,-0.064692
76,22,17500,-0.0647629
76,23,17500,-0.0647082
76,24,17500,-0.0645303
76,25,17500,-0.0642315
76,26,17500,-0.0638141
76,27,17500,-0.0632807
76,28,17500,-0.0626341
76,29,17500,-0.0618771
76,30,17500,-0.0610125
76,31,17500,-0.0600435
76,32,17500,-0.0589732
76,33,17500,-0.0578051
76,34,17500,-0.0565427
76,35,17500,-0.0551896
76,36,17500,-0.0537496
76,37,17500,-0.0522266
76,38,17500,-0.0506249
76,39,17500,-0.0489487
76,40,17500,-0.0472024
76,41,17500,-0.0453907
76,42,17500,-0.0435183
76,43,17500,-0.0415901
76,44,17500,-0.0396114
76,45,17500,-0.0375873
76,46,17500,-0.0355233
76,47,17500,-0.033425
76,48,17500,-0.031298
76,49,17500,-0.0291484
76,50,17500,-0.0269821
76,51,17500,-0.0248053
76,52,17500,-0.0226242
76,53,17500,-0.0204453
76,54,17500,-0.018275
76,55,17500,-0.0161199
76,56,17500,-0.0139867
76,57,17500,-0.011882
76,58,17500,-0.00981262
76,59,17500,-0.00778526
76,60,17500,-0.00580667
76,61,17500,-0.00388358
76,62,17500,-0.00202266
76,63,17500,-0.000230516
76,64,17500,0.00148635
76,65,17500,0.00312156
76,66,17500,0.00466886
76,67,17500,0.0061222
76,68,17500,0.00747571
76,69,17500,0.00872376
76,70,17500,0.00986094
76,71,17500,0.0108822
76,72,17500,0.0117826
76,73,17500,0.0125577
76,74,17500,0.0132034
76,75,17500,0.0137159
76,76,17500,0.0140916
76,77,17500,0.0143278
76,78,17500,0.0144215
76,79,17500,0.0143708
76,80,17500,0.0141736
76,81,17500,0.0138286
76,82,17500,0.0133349
76,83,17500,0.0126916
76,84,17500,0.0118987
76,85,17500,0.0109561
76,86,17500,0.00986432
76,87,17500,0.00862409
76,88,17500,0.00723638
76,89,17500,0.00570243
76,90,17500,0.00402365
76,91,17500,0.0022016
76,92,17500,0.000237967
76,93,17500,-0.00186566
76,94,17500,-0.00410699
76,95,17500,-0.00648699
76,96,17500,-0.00899237
76,97,17500,-0.0116738
76,98,17500,-0.0142988
76,99,17500,-0.0178941
76,100,17500,-0.0178941
77,0,17500,-0.0340816
77,1,17500,-0.0340816
77,2,17500,-0.0375552
77,3,17500,-0.0400634
77,4,17500,-0.0426072
77,5,17500,-0.0449634
77,6,17500,-0.0471839
77,7,17500,-0.049259
77,8,17500,-0.0511923
77,9,17500,-0.0529845
77,10,17500,-0.054637
77,11,17500,-0.0561508
77,12,17500,-0.057527
77,13,17500,-0.0587667
77,14,17500,-0.059871
77,15,17500,-0.0608409
77,16,17500,-0.0616776
77,17,17500,-0.0623825
77,18,17500,-0.0629567
77,19,17500,-0.0634016
77,20,17500,-0.0637188
77,21,17500,-0.0639099
77,22,17500,-0.0639765
77,23,17500,-0.0639205
77,24,17500,-0.0637438
77,25,17500,-0.0634485
77,26,17500,-0.0630369
77,27,17500,-0.0625112
77,28,17500,-0.0618741
77,29,17500,-0.0611281
77,30,17500,-0.0602761
77,31,17500,-0.0593209
77,32,17500,-0.0582658
77,33,17500,-0.057114
77,34,17500,-0.0558689
77,35,17500,-0.054534
77,36,17500,-0.0531132
77,37,17500,-0.0516104
77,38,17500,-0.0500297
77,39,17500,-0.0483753
77,40,17500,-0.0466516
77,41,17500,-0.0448633
77,42,17500,-0.0430151
77,43,17500,-0.041112
77,44,17500,-0.0391591
77,45,17500,-0.0371617
77,46,17500,-0.0351251
77,47,17500,-0.033055
77,48,17500,-0.0309572
77,49,17500,-0.0288374
77,50,17500,-0.0267018
77,51,17500,-0.0245564
77,52,17500,-0.0224076
77,53,17500,-0.0202617
77,54,17500,-0.0181251
77,55,17500,-0.0160043
77,56,17500,-0.0139061
77,57,17500,-0.0118369
77,58,17500,-0.00980347
77,59,17500,-0.00781246
77,60,17500,-0.0058705
77,61,17500,-0.0039842
77,62,17500,-0.00216009
77,63,17500,-0.000404642
77,64,17500,0.00127581
77,65,17500,0.00287504
77,66,17500,0.00438702
77,67,17500,0.00580589
77,68,17500,0.00712599
77,69,17500,0.00834192
77,70,17500,0.00944855
77,71,17500,0.010441
77,72,17500,0.0113148
77,73,17500,0.0120656
77,74,17500,0.0126897
77,75,17500,0.0131835
77,76,17500,0.013544
77,77,17500,0.0137684
77,78,17500,0.0138544
77,79,17500,0.0138002
77,80,17500,0.0136042
77,81,17500,0.0132654
77,82,17500,0.0127831
77,83,17500,0.012157
77,84,17500,0.0113871
77,85,17500,0.0104738
77,86,17500,0.00941798
77,87,17500,0.00822051
77,88,17500,0.00688268
77,89,17500,0.00540594
77,90,17500,0.00379191
77,91,17500,0.0020423
77,92,17500,0.000158932
77,93,17500,-0.00185655
77,94,17500,-0.00400184
77,95,17500,-0.00627784
77,96,17500,-0.00867192
77,97,17500,-0.0112325
77,98,17500,-0.013738
77,99,17500,-0.0171681
77,100,17500,-0.0171681
78,0,17500,-0.0346592
78,1,17500,-0.0346592
78,2,17500,-0.0379737
78,3,17500,-0.0403686
78,4,17500,-0.042799
78,5,17500,-0.045052
78,6,17500,-0.0471774
78,7,17500,-0.0491653
78,8,17500,-0.0510195
78,9,17500,-0.0527402
78,10,17500,-0.0543285
78,11,17500,-0.0557852
78,12,17500,-0.0571108
78,13,17500,-0.0583061
78,14,17500,-0.0593718
78,15,17500,-0.0603086
78,16,17500,-0.0611174
78,17,17500,-0.0617988
78,18,17500,-0.0623539
78,19,17500,-0.0627837
78,20,17500,-0.0630893
78,21,17500,-0.0632721
78,22,17500,-0.0633333
78,23,17500,-0.0632745
78,24,17500,-0.0630975
78,25,17500,-0.062804
78,26,17500,-0.0623961
78,27,17500,-0.0618759
78,28,17500,-0.0612458
78,29,17500,-0.0605081
78,30,17500,-0.0596657
78,31,17500,-0.0587213
78,32,17500,-0.0576779
78,33,17500,-0.0565387
78,34,17500,-0.0553071
78,35,17500,-0.0539865
78,36,17500,-0.0525807
78,37,17500,-0.0510936
78,38,17500,-0.0495293
78,39,17500,-0.0478919
78,40,17500,-0.0461859
78,41,17500,-0.0444159
78,42,17500,-0.0425867
78,43,17500,-0.0407032
78,44,17500,-0.0387706
78,45,17500,-0.0367942
78,46,17500,-0.0347793
78,47,17500,-0.0327316
78,48,17500,-0.0306568
78,49,17500,-0.0285609
78,50,17500,-0.0264498
78,51,17500,-0.0243297
78,52,17500,-0.0222068
78,53,17500,-0.0200876
78,54,17500,-0.0179784
78,55,17500,-0.0158857
78,56,17500,-0.013816
78,57,17500,-0.0117761
78,58,17500,-0.00977235
78,59,17500,-0.00781144
78,60,17500,-0.00589993
78,61,17500,-0.0040443
78,62,17500,-0.00225098
78,63,17500,-0.000526304
78,64,17500,0.00112353
78,65,17500,0.00269247
78,66,17500,0.00417464
78,67,17500,0.00556438
78,68,17500,0.00685624
78,69,17500,0.00804502
78,70,17500,0.00912584
78,71,17500,0.0100941
78,72,17500,0.0109454
78,73,17500,0.011676
78,74,17500,0.0122822
78,75,17500,0.0127609
78,76,17500,0.0131092
78,77,17500,0.0133247
78,78,17500,0.0134056
78,79,17500,0.0133501
78,80,17500,0.0131573
78,81,17500,0.0128262
78,82,17500,0.0123567
78,83,17500,0.0117487
78,84,17500,0.0110026
78,85,17500,0.0101192
78,86,17500,0.00909949
78,87,17500,0.00794482
78,88,17500,0.00665671
78,89,17500,0.00523688
78,90,17500,0.00368718
78,91,17500,0.00200952
78,92,17500,0.000205865
78,93,17500,-0.001722
78,94,17500,-0.00377177
78,95,17500,-0.00594421
78,96,17500,-0.00822731
78,97,17500,-0.0106672
78,98,17500,-0.0130533
78,99,17500,-0.016318
78,100,17500,-0.016318
79,0,17500,-0.0353806
79,1,17500,-0.0353806
79,2,17500,-0.0385339
79,3,17500,-0.0408144
79,4,17500,-0.0431305
79,5,17500,-0.0452797
79,6,17500,-0.0473094
79,7,17500,-0.0492102
79,8,17500,-0.0509853
79,9,17500,-0.0526347
79,10,17500,-0.0541592
79,11,17500,-0.055559
79,12,17500,-0.0568344
79,13,17500,-0.0579858
79,14,17500,-0.0590134
79,15,17500,-0.0599175
79,16,17500,-0.0606984
79,17,17500,-0.0613565
79,18,17500,-0.0618924
79,19,17500,-0.0623068
79,20,17500,-0.0626004
79,21,17500,-0.0627741
79,22,17500,-0.0628291
79,23,17500,-0.0627665
79,24,17500,-0.0625878
79,25,17500,-0.0622945
79,26,17500,-0.0618885
79,27,17500,-0.0613717
79,28,17500,-0.0607463
79,29,17500,-0.0600145
79,30,17500,-0.0591788
79,31,17500,-0.0582421
79,32,17500,-0.0572072
79,33,17500,-0.0560771
79,34,17500,-0.0548552
79,35,17500,-0.053545
79,36,17500,-0.05215
79,37,17500,-0.0506743
79,38,17500,-0.0491217
79,39,17500,-0.0474966
79,40,17500,-0.0458034
79,41,17500,-0.0440466
79,42,17500,-0.0422311
79,43,17500,-0.0403619
79,44,17500,-0.038444
79,45,17500,-0.0364829
79,46,17500,-0.0344839
79,47,17500,-0.0324527
79,48,17500,-0.030395
79,49,17500,-0.0283168
79,50,17500,-0.0262241
79,51,17500,-0.0241231
79,52,17500,-0.02202
79,53,17500,-0.0199212
79,54,17500,-0.0178331
79,55,17500,-0.0157621
79,56,17500,-0.0137148
79,57,17500,-0.0116978
79,58,17500,-0.00971753
79,59,17500,-0.00778057
79,60,17500,-0.00589339
79,61,17500,-0.0040624
79,62,17500,-0.00229395
79,63,17500,-0.00059424
79,64,17500,0.00103065
79,65,17500,0.00257482
79,66,17500,0.00403254
79,67,17500,0.00539832
79,68,17500,0.0066669
79,69,17500,0.0078333
79,70,17500,0.00889282
79,71,17500,0.00984109
79,72,17500,0.0106741
79,73,17500,0.0113881
79,74,17500,0.0119799
79,75,17500,0.0124465
79,76,17500,0.0127854
79,77,17500,0.0129946
79,78,17500,0.0130725
79,79,17500,0.0130177
79,80,17500,0.0128295
79,81,17500,0.0125075
79,82,17500,0.0120516
79,83,17500,0.0114624
79,84,17500,0.0107405
79,85,17500,0.00988702
79,86,17500,0.00890335
79,87,17500,0.00779115
79,88,17500,0.00655226
79,89,17500,0.00518871
79,90,17500,0.00370262
79,91,17500,0.00209615
79,92,17500,0.000371465
79,93,17500,-0.0014695
79,94,17500,-0.00342433
79,95,17500,-0.00549365
79,96,17500,-0.00766602
79,97,17500,-0.00998529
79,98,17500,-0.0122518
79,99,17500,-0.0153503
79,100,17500,-0.0153503
80,0,17500,-0.0362378
80,1,17500,-0.0362378
80,2,17500,-0.0392275
80,3,17500,-0.0413922
80,4,17500,-0.0435929
80,5,17500,-0.0456377
80,6,17500,-0.0475715
80,7,17500,-0.0493851
80,8,17500,-0.0510813
80,9,17500,-0.0526599
80,10,17500,-0.0541212
80,11,17500,-0.0554649
80,12,17500,-0.0566909
80,13,17500,-0.0577992
80,14,17500,-0.0587894
80,15,17500,-0.0596613
80,16,17500,-0.0604149
80,17,17500,-0.0610502
80,18,17500,-0.0615672
80,19,17500,-0.0619663
80,20,17500,-0.0622477
80,21,17500,-0.062412
80,22,17500,-0.0624601
80,23,17500,-0.0623929
80,24,17500,-0.0622114
80,25,17500,-0.061917
80,26,17500,-0.0615113
80,27,17500,-0.060996
80,28,17500,-0.060373
80,29,17500,-0.0596446
80,30,17500,-0.0588131
80,31,17500,-0.0578811
80,32,17500,-0.0568515
80,33,17500,-0.0557271
80,34,17500,-0.0545113
80,35,17500,-0.0532075
80,36,17500,-0.0518193
80,37,17500,-0.0503505
80,38,17500,-0.0488052
80,39,17500,-0.0471876
80,40,17500,-0.0455023
80,41,17500,-0.0437536
80,42,17500,-0.0419466
80,43,17500,-0.0400862
80,44,17500,-0.0381776
80,45,17500,-0.0362261
80,46,17500,-0.0342371
80,47,17500,-0.0322165
80,48,17500,-0.03017
80,49,17500,-0.0281035
80,50,17500,-0.0260231
80,51,17500,-0.0239349
80,52,17500,-0.0218453
80,53,17500,-0.0197607
80,54,17500,-0.0176873
80,55,17500,-0.0156318
80,56,17500,-0.0136006
80,57,17500,-0.0116003
80,58,17500,-0.0096373
80,59,17500,-0.00771814
80,60,17500,-0.00584925
80,61,17500,-0.00403697
80,62,17500,-0.00228754
80,63,17500,-0.00060709
80,64,17500,0.00099842
80,65,17500,0.0025232
80,66,17500,0.00396169
80,67,17500,0.00530852
80,68,17500,0.00655861
80,69,17500,0.00770717
80,70,17500,0.0087497
80,71,17500,0.00968205
80,72,17500,0.0105004
80,73,17500,0.0112013
80,74,17500,0.0117818
80,75,17500,0.0122392
80,76,17500,0.0125713
80,77,17500,0.0127764
80,78,17500,0.0128531
80,79,17500,0.0128004
80,80,17500,0.0126181
80,81,17500,0.0123059
80,82,17500,0.0118643
80,83,17500,0.0112941
80,84,17500,0.0105963
80,85,17500,0.0097724
80,86,17500,0.00882423
80,87,17500,0.00775376
80,88,17500,0.00656321
80,89,17500,0.00525495
80,90,17500,0.00383142
80,91,17500,0.00229508
80,92,17500,0.000648352
80,93,17500,-0.0011066
80,94,17500,-0.00296723
80,95,17500,-0.00493393
80,96,17500,-0.00699579
80,97,17500,-0.00919427
80,98,17500,-0.0113407
80,99,17500,-0.0142719
80,100,17500,-0.0142719
81,0,17500,-0.0372219
81,1,17500,-0.0372219
81,2,17500,-0.0400452
81,3,17500,-0.0420928
81,4,17500,-0.044177
81,5,17500,-0.0461169
81,6,17500,-0.0479546
81,7,17500,-0.0496813
81,8,17500,-0.0512992
81,9,17500,-0.0528078
81,10,17500,-0.0542067
81,11,17500,-0.0554954
81,12,17500,-0.0566733
81,13,17500,-0.0577395
81,14,17500,-0.0586934
81,15,17500,-0.0595343
81,16,17500,-0.0602616
81,17,17500,-0.0608748
81,18,17500,-0.0613735
81,19,17500,-0.0617576
81,20,17500,-0.062027
81,21,17500,-0.0621819
81,22,17500,-0.0622228
81,23,17500,-0.0621503
81,24,17500,-0.0619652
81,25,17500,-0.0616685
81,26,17500,-0.0612617
81,27,17500,-0.0607461
81,28,17500,-0.0601237
81,29,17500,-0.0593964
81,30,17500,-0.0585665
81,31,17500,-0.0576365
81,32,17500,-0.056609
81,33,17500,-0.055487
81,34,17500,-0.0542737
81,35,17500,-0.0529724
81,36,17500,-0.0515868
81,37,17500,-0.0501208
81,38,17500,-0.0485782
81,39,17500,-0.0469635
81,40,17500,-0.045281
81,41,17500,-0.0435355
81,42,17500,-0.0417317
81,43,17500,-0.0398747
81,44,17500,-0.0379697
81,45,17500,-0.0360221
81,46,17500,-0.0340374
81,47,17500,-0.0320215
81,48,17500,-0.02998
81,49,17500,-0.0279191
81,50,17500,-0.0258448
81,51,17500,-0.0237633
81,52,17500,-0.021681
81,53,17500,-0.0196042
81,54,17500,-0.0175393
81,55,17500,-0.015493
81,56,17500,-0.0134716
81,57,17500,-0.0114818
81,58,17500,-0.00952987
81,59,17500,-0.00762244
81,60,17500,-0.00576583
81,61,17500,-0.00396636
81,62,17500,-0.00223019
81,63,17500,-0.000563379
81,64,17500,0.00102821
81,65,17500,0.00253889
81,66,17500,0.0039632
81,67,17500,0.00529595
81,68,17500,0.00653218
81,69,17500,0.00766727
81,70,17500,0.00869692
81,71,17500,0.00961715
81,72,17500,0.0104244
81,73,17500,0.0111154
81,74,17500,0.0116875
81,75,17500,0.0121382
81,76,17500,0.0124657
81,77,17500,0.0126684
81,78,17500,0.0127454
81,79,17500,0.0126961
81,80,17500,0.0125203
81,81,17500,0.0122185
81,82,17500,0.0117912
81,83,17500,0.0112397
81,84,17500,0.0105656
81,85,17500,0.00977057
81,86,17500,0.00885691
81,87,17500,0.00782701
81,88,17500,0.00668349
81,89,17500,0.00542911
81,90,17500,0.00406671
81,91,17500,0.00259909
81,92,17500,0.00102902
81,93,17500,-0.000641066
81,94,17500,-0.00240841
81,95,17500,-0.0042731
81,96,17500,-0.00622469
81,97,17500,-0.00830215
81,98,17500,-0.010328
81,99,17500,-0.0130902
81,100,17500,-0.0130902
82,0,17500,-0.0383238
82,1,17500,-0.0383238
82,2,17500,-0.0409777
82,3,17500,-0.0429066
82,4,17500,-0.0448733
82,5,17500,-0.0467079
82,6,17500,-0.0484495
82,7,17500,-0.0500898
82,8,17500,-0.0516303
82,9,17500,-0.05307
82,10,17500,-0.054408
82,11,17500,-0.0556432
82,12,17500,-0.0567744
82,13,17500,-0.0578003
82,14,17500,-0.0587194
82,15,17500,-0.0595308
82,16,17500,-0.0602331
82,17,17500,-0.0608253
82,18,17500,-0.0613067
82,19,17500,-0.0616766
82,20,17500,-0.0619345
82,21,17500,-0.0620803
82,22,17500,-0.062114
82,23,17500,-0.0620359
82,24,17500,-0.0618465
82,25,17500,-0.0615467
82,26,17500,-0.0611374
82,27,17500,-0.0606201
82,28,17500,-0.0599964
82,29,17500,-0.0592681
82,30,17500,-0.0584373
82,31,17500,-0.0575065
82,32,17500,-0.0564782
82,33,17500,-0.0553552
82,34,17500,-0.0541409
82,35,17500,-0.0528384
82,36,17500,-0.0514514
82,37,17500,-0.0499838
82,38,17500,-0.0484395
82,39,17500,-0.0468229
82,40,17500,-0.0451384
82,41,17500,-0.0433908
82,42,17500,-0.0415849
82,43,17500,-0.0397258
82,44,17500,-0.0378189
82,45,17500,-0.0358695
82,46,17500,-0.0338833
82,47,17500,-0.031866
82,48,17500,-0.0298236
82,49,17500,-0.0277621
82,50,17500,-0.0256876
82,51,17500,-0.0236065
82,52,17500,-0.0215252
82,53,17500,-0.0194499
82,54,17500,-0.0173873
82,55,17500,-0.0153438
82,56,17500,-0.013326
82,57,17500,-0.0113404
82,58,17500,-0.00939344
82,59,17500,-0.00749165
82,60,17500,-0.00564137
82,61,17500,-0.00384885
82,62,17500,-0.00212023
82,63,17500,-0.000461505
82,64,17500,0.00112153
82,65,17500,0.00262328
82,66,17500,0.0040384
82,67,17500,0.00536178
82,68,17500,0.00658863
82,69,17500,0.00771446
82,70,17500,0.00873512
82,71,17500,0.00964685
82,72,17500,0.0104463
82,73,17500,0.0111304
82,74,17500,0.0116966
82,75,17500,0.0121429
82,76,17500,0.0124676
82,77,17500,0.0126695
82,78,17500,0.012748
82,79,17500,0.0127027
82,80,17500,0.0125339
82,81,17500,0.0122424
82,82,17500,0.0118291
82,83,17500,0.0112958
82,84,17500,0.0106443
82,85,17500,0.00987693
82,86,17500,0.00899633
82,87,17500,0.00800535
82,88,17500,0.00690708
82,89,17500,0.00570473
82,90,17500,0.00440158
82,91,17500,0.00300087
82,92,17500,0.00150576
82,93,17500,-8.09242e-05
82,94,17500,-0.00175614
82,95,17500,-0.00351959
82,96,17500,-0.00536122
82,97,17500,-0.00731738
82,98,17500,-0.0092218
82,99,17500,-0.011813
82,100,17500,-0.011813
83,0,17500,-0.0395335
83,1,17500,-0.0395335
83,2,17500,-0.0420146
83,3,17500,-0.0438233
83,4,17500,-0.0456715
83,5,17500,-0.0474005
83,6,17500,-0.0490465
83,7,17500,-0.0506013
83,8,17500,-0.0520656
83,9,17500,-0.053438
83,10,17500,-0.054717
83,11,17500,-0.0559007
83,12,17500,-0.0569873
83,13,17500,-0.0579749
83,14,17500,-0.0588614
83,15,17500,-0.0596451
83,16,17500,-0.0603242
83,17,17500,-0.0608972
83,18,17500,-0.0613626
83,19,17500,-0.0617195
83,20,17500,-0.0619668
83,21,17500,-0.062104
83,22,17500,-0.0621307
83,23,17500,-0.062047
83,24,17500,-0.0618529
83,25,17500,-0.0615492
83,26,17500,-0.0611366
83,27,17500,-0.0606162
83,28,17500,-0.0599895
83,29,17500,-0.0592582
83,30,17500,-0.0584242
83,31,17500,-0.0574899
83,32,17500,-0.0564578
83,33,17500,-0.0553308
83,34,17500,-0.0541118
83,35,17500,-0.0528043
83,36,17500,-0.0514119
83,37,17500,-0.0499384
83,38,17500,-0.0483879
83,39,17500,-0.0467646
83,40,17500,-0.0450732
83,41,17500,-0.0433184
83,42,17500,-0.0415051
83,43,17500,-0.0396385
83,44,17500,-0.037724
83,45,17500,-0.035767
83,46,17500,-0.0337732
83,47,17500,-0.0317486
83,48,17500,-0.0296991
83,49,17500,-0.0276308
83,50,17500,-0.02555
83,51,17500,-0.023463
83,52,17500,-0.0213763
83,53,17500,-0.0192962
83,54,17500,-0.0172294
83,55,17500,-0.0151825
83,56,17500,-0.0131619
83,57,17500,-0.0111743
83,58,17500,-0.00922615
83,59,17500,-0.00732393
83,60,17500,-0.005474
83,61,17500,-0.00368261
83,62,17500,-0.00195587
83,63,17500,-0.000299725
83,64,17500,0.00128007
83,65,17500,0.002778
83,66,17500,0.00418877
83,67,17500,0.00550741
83,68,17500,0.00672921
83,69,17500,0.00784983
83,70,17500,0.00886526
83,71,17500,0.0097719
83,72,17500,0.0105665
83,73,17500,0.0112464
83,74,17500,0.0118092
83,75,17500,0.012253
83,76,17500,0.0125765
83,77,17500,0.0127788
83,78,17500,0.0128595
83,79,17500,0.0128186
83,80,17500,0.0126568
83,81,17500,0.0123751
83,82,17500,0.0119752
83,83,17500,0.0114588
83,84,17500,0.0108285
83,85,17500,0.0100871
83,86,17500,0.00923756
83,87,17500,0.00828333
83,88,17500,0.007228
83,89,17500,0.00607529
83,90,17500,0.00482901
83,91,17500,0.0034929
83,92,17500,0.00207063
83,93,17500,0.000565492
83,94,17500,-0.00101909
83,95,17500,-0.00268232
83,96,17500,-0.00441445
83,97,17500,-0.00624905
83,98,17500,-0.00803121
83,99,17500,-0.0104489
83,100,17500,-0.0104489
84,0,17500,-0.0408401
84,1,17500,-0.0408401
84,2,17500,-0.0431449
84,3,17500,-0.044832
84,4,17500,-0.0465608
84,5,17500,-0.0481843
84,6,17500,-0.0497354
84,7,17500,-0.0512059
84,8,17500,-0.052596
84,9,17500,-0.0539033
84,10,17500,-0.0551256
84,11,17500,-0.0562604
84,12,17500,-0.057305
84,13,17500,-0.0582569
84,14,17500,-0.0591134
84,15,17500,-0.0598719
84,16,17500,-0.0605301
84,17,17500,-0.0610859
84,18,17500,-0.0615372
84,19,17500,-0.0618826
84,20,17500,-0.0621205
84,21,17500,-0.0622501
84,22,17500,-0.0622705
84,23,17500,-0.0621813
84,24,17500,-0.0619825
84,25,17500,-0.0616744
84,26,17500,-0.0612576
84,27,17500,-0.0607329
84,28,17500,-0.0601016
84,29,17500,-0.0593654
84,30,17500,-0.058526
84,31,17500,-0.0575858
84,32,17500,-0.0565471
84,33,17500,-0.0554127
84,34,17500,-0.0541857
84,35,17500,-0.0528695
84,36,17500,-0.0514676
84,37,17500,-0.0499839
84,38,17500,-0.0484226
84,39,17500,-0.046788
84,40,17500,-0.0450846
84,41,17500,-0.0433174
84,42,17500,-0.0414913
84,43,17500,-0.0396116
84,44,17500,-0.0376838
84,45,17500,-0.0357133
84,46,17500,-0.0337061
84,47,17500,-0.0316681
84,48,17500,-0.0296053
84,49,17500,-0.027524
84,50,17500,-0.0254305
84,51,17500,-0.0233312
84,52,17500,-0.0212326
84,53,17500,-0.0191413
84,54,17500,-0.017064
84,55,17500,-0.0150072
84,56,17500,-0.0129775
84,57,17500,-0.0109816
84,58,17500,-0.00902607
84,59,17500,-0.00711733
84,60,17500,-0.00526178
84,61,17500,-0.0034657
84,62,17500,-0.00173517
84,63,17500,-7.61375e-05
84,64,17500,0.00150569
84,65,17500,0.00300482
84,66,17500,0.00441605
84,67,17500,0.00573445
84,68,17500,0.00695543
84,69,17500,0.00807475
84,70,17500,0.00908853
84,71,17500,0.00999331
84,72,17500,0.0107861
84,73,17500,0.0114642
84,74,17500,0.0120256
84,75,17500,0.0124686
84,76,17500,0.0127922
84,77,17500,0.0129957
84,78,17500,0.0130789
84,79,17500,0.0130425
84,80,17500,0.0128872
84,81,17500,0.0126146
84,82,17500,0.0122266
84,83,17500,0.0117257
84,84,17500,0.0111146
84,85,17500,0.0103968
84,86,17500,0.00957582
84,87,17500,0.00865558
84,88,17500,0.00764029
84,89,17500,0.00653425
84,90,17500,0.00534187
84,91,17500,0.00406751
84,92,17500,0.00271541
84,93,17500,0.00128945
84,94,17500,-0.000206417
84,95,17500,-0.0017708
84,96,17500,-0.00339411
84,97,17500,-0.005107
84,98,17500,-0.00676601
84,99,17500,-0.00900737
84,100,17500,-0.00900737
85,0,17500,-0.0422317
85,1,17500,-0.0422317
85,2,17500,-0.0443566
85,3,17500,-0.0459205
85,4,17500,-0.0475296
85,5,17500,-0.0490479
85,6,17500,-0.0505055
85,7,17500,-0.0518936
85,8,17500,-0.0532118
85,9,17500,-0.0544567
85,10,17500,-0.0556254
85,11,17500,-0.0567145
85,12,17500,-0.0577206
85,13,17500,-0.0586401
85,14,17500,-0.0594697
85,15,17500,-0.0602061
85,16,17500,-0.0608463
85,17,17500,-0.0613874
85,18,17500,-0.061827
85,19,17500,-0.0621628
85,20,17500,-0.062393
85,21,17500,-0.0625161
85,22,17500,-0.0625311
85,23,17500,-0.062437
85,24,17500,-0.0622336
85,25,17500,-0.0619209
85,26,17500,-0.0614991
85,27,17500,-0.0609691
85,28,17500,-0.060332
85,29,17500,-0.0595891
85,30,17500,-0.0587422
85,31,17500,-0.0577934
85,32,17500,-0.0567453
85,33,17500,-0.0556005
85,34,17500,-0.054362
85,35,17500,-0.0530333
85,36,17500,-0.0516179
85,37,17500,-0.0501198
85,38,17500,-0.0485431
85,39,17500,-0.0468922
85,40,17500,-0.0451719
85,41,17500,-0.0433871
85,42,17500,-0.0415428
85,43,17500,-0.0396444
85,44,17500,-0.0376974
85,45,17500,-0.0357076
85,46,17500,-0.0336809
85,47,17500,-0.0316232
85,48,17500,-0.0295409
85,49,17500,-0.0274401
85,50,17500,-0.0253275
85,51,17500,-0.0232094
85,52,17500,-0.0210926
85,53,17500,-0.0189836
85,54,17500,-0.0168892
85,55,17500,-0.014816
85,56,17500,-0.0127709
85,57,17500,-0.0107604
85,58,17500,-0.0087912
85,59,17500,-0.00686981
85,60,17500,-0.00500265
85,61,17500,-0.00319603
85,62,17500,-0.00145606
85,63,17500,0.000211331
85,64,17500,0.00180042
85,65,17500,0.00330576
85,66,17500,0.00472217
85,67,17500,0.00604478
85,68,17500,0.00726907
85,69,17500,0.00839089
85,70,17500,0.00940646
85,71,17500,0.0103125
85,72,17500,0.011106
85,73,17500,0.0117847
85,74,17500,0.0123465
85,75,17500,0.0127902
85,76,17500,0.0131148
85,77,17500,0.0133199
85,78,17500,0.0134059
85,79,17500,0.0133734
85,80,17500,0.0132238
85,81,17500,0.0129589
85,82,17500,0.0125812
85,83,17500,0.0120935
85,84,17500,0.0114992
85,85,17500,0.0108021
85,86,17500,0.0100065
85,87,17500,0.00911684
85,88,17500,0.00813802
85,89,17500,0.007075
85,90,17500,0.00593289
85,91,17500,0.00471674
85,92,17500,0.00343151
85,93,17500,0.00208178
85,94,17500,0.000672154
85,95,17500,-0.00079521
85,96,17500,-0.00231077
85,97,17500,-0.00390201
85,98,17500,-0.00543706
85,99,17500,-0.00749908
85,100,17500,-0.00749908
86,0,17500,-0.043695
86,1,17500,-0.043695
86,2,17500,-0.0456362
86,3,17500,-0.047076
86,4,17500,-0.0485651
86,5,17500,-0.0499794
86,6,17500,-0.0513452
86,7,17500,-0.0526536
86,8,17500,-0.053903
86,9,17500,-0.0550892
86,10,17500,-0.0562081
86,11,17500,-0.0572556
86,12,17500,-0.0582271
86,13,17500,-0.0591182
86,14,17500,-0.0599248
86,15,17500,-0.0606428
86,16,17500,-0.0612683
86,17,17500,-0.0617979
86,18,17500,-0.0622285
86,19,17500,-0.0625572
86,20,17500,-0.0627817
86,21,17500,-0.0629001
86,22,17500,-0.0629108
86,23,17500,-0.0628127
86,24,17500,-0.062605
86,25,17500,-0.0622876
86,26,17500,-0.0618606
86,27,17500,-0.0613244
86,28,17500,-0.06068
86,29,17500,-0.0599288
86,30,17500,-0.0590723
86,31,17500,-0.0581127
86,32,17500,-0.0570523
86,33,17500,-0.0558939
86,34,17500,-0.0546405
86,35,17500,-0.0532955
86,36,17500,-0.0518626
86,37,17500,-0.0503457
86,38,17500,-0.048749
86,39,17500,-0.0470771
86,40,17500,-0.0453348
86,41,17500,-0.043527
86,42,17500,-0.0416589
86,43,17500,-0.0397361
86,44,17500,-0.0377642
86,45,17500,-0.035749
86,46,17500,-0.0336965
86,47,17500,-0.0316129
86,48,17500,-0.0295047
86,49,17500,-0.0273781
86,50,17500,-0.0252398
86,51,17500,-0.0230964
86,52,17500,-0.0209546
86,53,17500,-0.0188213
86,54,17500,-0.0167033
86,55,17500,-0.0146073
86,56,17500,-0.0125401
86,57,17500,-0.0105086
86,58,17500,-0.00851947
86,59,17500,-0.00657924
86,60,17500,-0.00469443
86,61,17500,-0.00287138
86,62,17500,-0.00111627
86,63,17500,0.000564942
86,64,17500,0.00216654
86,65,17500,0.00368306
86,66,17500,0.00510934
86,67,17500,0.00644055
86,68,17500,0.0076722
86,69,17500,0.0088002
86,70,17500,0.00982089
86,71,17500,0.010731
86,72,17500,0.0115279
86,73,17500,0.0122091
86,74,17500,0.0127731
86,75,17500,0.0132185
86,76,17500,0.0135448
86,77,17500,0.0137518
86,78,17500,0.0138401
86,79,17500,0.0138108
86,80,17500,0.0136656
86,81,17500,0.0134066
86,82,17500,0.0130369
86,83,17500,0.0125597
86,84,17500,0.011979
86,85,17500,0.0112992
86,86,17500,0.0105251
86,87,17500,0.00966195
86,88,17500,0.0087153
86,89,17500,0.00769091
86,90,17500,0.00659464
86,91,17500,0.0054324
86,92,17500,0.00420997
86,93,17500,0.00293279
86,94,17500,0.00160624
86,95,17500,0.000233452
86,96,17500,-0.00117592
86,97,17500,-0.00264595
86,98,17500,-0.00405643
86,99,17500,-0.005936
86,100,17500,-0.005936
87,0,17500,-0.0452152
87,1,17500,-0.0452152
87,2,17500,-0.0469692
87,3,17500,-0.0482842
87,4,17500,-0.0496538
87,5,17500,-0.0509658
87,6,17500,-0.0522425
87,7,17500,-0.0534747
87,8,17500,-0.0546594
87,9,17500,-0.0557913
87,10,17500,-0.0568652
87,11,17500,-0.0578758
87,12,17500,-0.0588176
87,13,17500,-0.0596852
87,14,17500,-0.0604734
87,15,17500,-0.0611773
87,16,17500,-0.0617923
87,17,17500,-0.0623141
87,18,17500,-0.062739
87,19,17500,-0.0630635
87,20,17500,-0.0632848
87,21,17500,-0.0634004
87,22,17500,-0.0634084
87,23,17500,-0.0633073
87,24,17500,-0.0630961
87,25,17500,-0.0627742
87,26,17500,-0.0623415
87,27,17500,-0.0617984
87,28,17500,-0.0611457
87,29,17500,-0.0603846
87,30,17500,-0.0595165
87,31,17500,-0.0585437
87,32,17500,-0.0574684
87,33,17500,-0.0562933
87,34,17500,-0.0550215
87,35,17500,-0.0536564
87,36,17500,-0.0522018
87,37,17500,-0.0506617
87,38,17500,-0.0490404
87,39,17500,-0.0473425
87,40,17500,-0.0455729
87,41,17500,-0.0437368
87,42,17500,-0.0418394
87,43,17500,-0.0398863
87,44,17500,-0.0378834
87,45,17500,-0.0358367
87,46,17500,-0.0337522
87,47,17500,-0.0316364
87,48,17500,-0.0294957
87,49,17500,-0.0273366
87,50,17500,-0.025166
87,51,17500,-0.0229906
87,52,17500,-0.0208173
87,53,17500,-0.0186529
87,54,17500,-0.0165045
87,55,17500,-0.014379
87,56,17500,-0.0122833
87,57,17500,-0.0102243
87,58,17500,-0.00820871
87,59,17500,-0.00624336
87,60,17500,-0.00433478
87,61,17500,-0.00248938
87,62,17500,-0.000713392
87,63,17500,0.000987162
87,64,17500,0.00260652
87,65,17500,0.0041392
87,66,17500,0.00558003
87,67,17500,0.00692418
87,68,17500,0.00816719
87,69,17500,0.00930501
87,70,17500,0.010334
87,71,17500,0.0112511
87,72,17500,0.0120536
87,73,17500,0.0127393
87,74,17500,0.0133068
87,75,17500,0.0137549
87,76,17500,0.0140832
87,77,17500,0.014292
87,78,17500,0.014382
87,79,17500,0.0143546
87,80,17500,0.0142119
87,81,17500,0.0139567
87,82,17500,0.0135921
87,83,17500,0.0131221
87,84,17500,0.0125513
87,85,17500,0.0118845
87,86,17500,0.0111274
87,87,17500,0.0102859
87,88,17500,0.0093663
87,89,17500,0.00837527
87,90,17500,0.00731956
87,91,17500,0.00620602
87,92,17500,0.00504142
87,93,17500,0.0038322
87,94,17500,0.00258474
87,95,17500,0.00130329
87,96,17500,-2.15368e-06
87,97,17500,-0.00135197
87,98,17500,-0.00263766
87,99,17500,-0.00433175
87,100,17500,-0.00433175
88,0,17500,-0.0467755
88,1,17500,-0.0467755
88,2,17500,-0.0483392
88,3,17500,-0.0495293
88,4,17500,-0.0507808
88,5,17500,-0.0519932
88,6,17500,-0.0531846
88,7,17500,-0.0543451
88,8,17500,-0.0554702
88,9,17500,-0.0565533
88,10,17500,-0.057588
88,11,17500,-0.0585676
88,12,17500,-0.0594855
88,13,17500,-0.0603352
88,14,17500,-0.0611105
88,15,17500,-0.0618054
88,16,17500,-0.0624146
88,17,17500,-0.0629329
88,18,17500,-0.063356
88,19,17500,-0.0636797
88,20,17500,-0.0639007
88,21,17500,-0.064016
88,22,17500,-0.0640232
88,23,17500,-0.0639205
88,24,17500,-0.0637066
88,25,17500,-0.0633806
88,26,17500,-0.0629422
88,27,17500,-0.0623916
88,28,17500,-0.0617295
88,29,17500,-0.0609569
88,30,17500,-0.0600754
88,31,17500,-0.059087
88,32,17500,-0.0579939
88,33,17500,-0.056799
88,34,17500,-0.0555054
88,35,17500,-0.0541164
88,36,17500,-0.052636
88,37,17500,-0.0510683
88,38,17500,-0.0494176
88,39,17500,-0.0476887
88,40,17500,-0.0458866
88,41,17500,-0.0440165
88,42,17500,-0.042084
88,43,17500,-0.0400948
88,44,17500,-0.0380548
88,45,17500,-0.0359703
88,46,17500,-0.0338474
88,47,17500,-0.0316927
88,48,17500,-0.0295129
88,49,17500,-0.0273147
88,50,17500,-0.025105
88,51,17500,-0.0228907
88,52,17500,-0.020679
88,53,17500,-0.0184767
88,54,17500,-0.0162911
88,55,17500,-0.0141293
88,56,17500,-0.0119983
88,57,17500,-0.00990509
88,58,17500,-0.00785666
88,59,17500,-0.00585981
88,60,17500,-0.00392124
88,61,17500,-0.00204745
88,62,17500,-0.000244786
88,63,17500,0.00148068
88,64,17500,0.0031231
88,65,17500,0.00467695
88,66,17500,0.00613701
88,67,17500,0.00749844
88,68,17500,0.00875678
88,69,17500,0.00990798
88,70,17500,0.0109485
88,71,17500,0.0118752
88,72,17500,0.0126855
88,73,17500,0.0133775
88,74,17500,0.0139496
88,75,17500,0.014401
88,76,17500,0.0147315
88,77,17500,0.0149416
88,78,17500,0.0150322
88,79,17500,0.0150052
88,80,17500,0.0148629
88,81,17500,0.0146085
88,82,17500,0.0142457
88,83,17500,0.013779
88,84,17500,0.0132136
88,85,17500,0.0125549
88,86,17500,0.0118094
88,87,17500,0.0109838
88,88,17500,0.0100853
88,89,17500,0.00912137
88,90,17500,0.00809993
88,91,17500,0.00702886
88,92,17500,0.00591605
88,93,17500,0.00476916
88,94,17500,0.00359573
88,95,17500,0.00240139
88,96,17500,0.0011967
88,97,17500,-3.46947e-05
88,98,17500,-0.00119596
88,99,17500,-0.00270193
88,100,17500,-0.00270193
89,0,17500,-0.0483569
89,1,17500,-0.0483569
89,2,17500,-0.049728
89,3,17500,-0.0507942
89,4,17500,-0.05193
89,5,17500,-0.0530466
89,6,17500,-0.0541577
89,7,17500,-0.0552523
89,8,17500,-0.0563242
89,9,17500,-0.0573654
89,10,17500,-0.0583678
89,11,17500,-0.0593235
89,12,17500,-0.0602243
89,13,17500,-0.0610628
89,14,17500,-0.0618314
89,15,17500,-0.0625233
89,16,17500,-0.0631321
89,17,17500,-0.063652
89,18,17500,-0.0640777
89,19,17500,-0.0644046
89,20,17500,-0.0646286
89,21,17500,-0.0647463
89,22,17500,-0.064755
89,23,17500,-0.0646523
89,24,17500,-0.0644368
89,25,17500,-0.0641072
89,26,17500,-0.0636632
89,27,17500,-0.0631046
89,28,17500,-0.0624322
89,29,17500,-0.0616467
89,30,17500,-0.0607499
89,31,17500,-0.0597435
89,32,17500,-0.05863
89,33,17500,-0.0574122
89,34,17500,-0.0560931
89,35,17500,-0.0546764
89,36,17500,-0.053166
89,37,17500,-0.051566
89,38,17500,-0.0498811
89,39,17500,-0.048116
89,40,17500,-0.046276
89,41,17500,-0.0443664
89,42,17500,-0.0423929
89,43,17500,-0.0403615
89,44,17500,-0.0382782
89,45,17500,-0.0361494
89,46,17500,-0.0339815
89,47,17500,-0.0317813
89,48,17500,-0.0295556
89,49,17500,-0.0273114
89,50,17500,-0.0250556
89,51,17500,-0.0227955
89,52,17500,-0.0205382
89,53,17500,-0.0182911
89,54,17500,-0.0160613
89,55,17500,-0.0138562
89,56,17500,-0.011683
89,57,17500,-0.00954892
89,58,17500,-0.00746094
89,59,17500,-0.00542609
89,60,17500,-0.00345118
89,61,17500,-0.00154288
89,62,17500,0.000292379
89,63,17500,0.0020484
89,64,17500,0.00371926
89,65,17500,0.00529934
89,66,17500,0.00678336
89,67,17500,0.00816643
89,68,17500,0.00944404
89,69,17500,0.0106122
89,70,17500,0.0116672
89,71,17500,0.0126061
89,72,17500,0.0134264
89,73,17500,0.0141262
89,74,17500,0.014704
89,75,17500,0.0151592
89,76,17500,0.0154917
89,77,17500,0.0157023
89,78,17500,0.0157921
89,79,17500,0.0157634
89,80,17500,0.0156188
89,81,17500,0.0153619
89,82,17500,0.014997
89,83,17500,0.0145291
89,84,17500,0.0139638
89,85,17500,0.0133076
89,86,17500,0.0125675
89,87,17500,0.0117511
89,88,17500,0.0108666
89,89,17500,0.00992255
89,90,17500,0.00892794
89,91,17500,0.0078919
89,92,17500,0.00682364
89,93,17500,0.00573218
89,94,17500,0.00462646
89,95,17500,0.00351375
89,96,17500,0.00240545
89,97,17500,0.0012896
89,98,17500,0.000251485
89,99,17500,-0.00106448
89,100,17500,-0.00106448
90,0,17500,-0.0499378
90,1,17500,-0.0499378
90,2,17500,-0.0511153
90,3,17500,-0.0520596
90,4,17500,-0.0530837
90,5,17500,-0.05411
90,6,17500,-0.0551473
90,7,17500,-0.0561835
90,8,17500,-0.0572101
90,9,17500,-0.0582175
90,10,17500,-0.059196
90,11,17500,-0.0601358
90,12,17500,-0.0610277
90,13,17500,-0.0618626
90,14,17500,-0.0626318
90,15,17500,-0.0633275
90,16,17500,-0.0639422
90,17,17500,-0.0644693
90,18,17500,-0.0649027
90,19,17500,-0.0652372
90,20,17500,-0.0654681
90,21,17500,-0.0655914
90,22,17500,-0.0656041
90,23,17500,-0.0655034
90,24,17500,-0.0652876
90,25,17500,-0.0649553
90,26,17500,-0.0645057
90,27,17500,-0.0639389
90,28,17500,-0.0632552
90,29,17500,-0.0624555
90,30,17500,-0.0615414
90,31,17500,-0.0605148
90,32,17500,-0.0593781
90,33,17500,-0.0581341
90,34,17500,-0.0567861
90,35,17500,-0.0553376
90,36,17500,-0.0537928
90,37,17500,-0.0521559
90,38,17500,-0.0504318
90,39,17500,-0.0486253
90,40,17500,-0.0467418
90,41,17500,-0.0447869
90,42,17500,-0.0427665
90,43,17500,-0.0406866
90,44,17500,-0.0385535
90,45,17500,-0.0363739
90,46,17500,-0.0341543
90,47,17500,-0.0319017
90,48,17500,-0.0296231
90,49,17500,-0.0273257
90,50,17500,-0.0250168
90,51,17500,-0.0227036
90,52,17500,-0.0203937
90,53,17500,-0.0180944
90,54,17500,-0.0158133
90,55,17500,-0.0135578
90,56,17500,-0.0113354
90,57,17500,-0.0091534
90,58,17500,-0.00701905
90,59,17500,-0.00493953
90,60,17500,-0.00292182
90,61,17500,-0.000972731
90,62,17500,0.000901158
90,63,17500,0.00269351
90,64,17500,0.00439827
90,65,17500,0.00600972
90,66,17500,0.00752249
90,67,17500,0.00893158
90,68,17500,0.0102325
90,69,17500,0.011421
90,70,17500,0.0124937
90,71,17500,0.0134474
90,72,17500,0.0142797
90,73,17500,0.0149886
90,74,17500,0.015573
90,75,17500,0.0160322
90,76,17500,0.0163663
90,77,17500,0.0165763
90,78,17500,0.0166636
90,79,17500,0.0166307
90,80,17500,0.0164807
90,81,17500,0.0162176
90,82,17500,0.015846
90,83,17500,0.0153715
90,84,17500,0.0148006
90,85,17500,0.0141402
90,86,17500,0.0133983
90,87,17500,0.0125835
90,88,17500,0.0117048
90,89,17500,0.0107722
90,90,17500,0.00979571
90,91,17500,0.00878593
90,92,17500,0.00775353
90,93,17500,0.00670913
90,94,17500,0.00566331
90,95,17500,0.00462523
90,96,17500,0.00360745
90,97,17500,0.00260281
90,98,17500,0.0016853
90,99,17500,0.000559945
90,100,17500,0.000559945
91,0,17500,-0.0514933
91,1,17500,-0.0514933
91,2,17500,-0.0524782
91,3,17500,-0.0533047
91,4,17500,-0.0542228
91,5,17500,-0.0551663
91,6,17500,-0.0561383
91,7,17500,-0.0571251
91,8,17500,-0.0581161
91,9,17500,-0.0590995
91,10,17500,-0.0600639
91,11,17500,-0.0609976
91,12,17500,-0.0618898
91,13,17500,-0.06273
91,14,17500,-0.0635082
91,15,17500,-0.0642154
91,16,17500,-0.0648431
91,17,17500,-0.0653837
91,18,17500,-0.0658306
91,19,17500,-0.0661776
91,20,17500,-0.0664195
91,21,17500,-0.0665521
91,22,17500,-0.0665716
91,23,17500,-0.0664752
91,24,17500,-0.0662606
91,25,17500,-0.0659264
91,26,17500,-0.0654717
91,27,17500,-0.0648963
91,28,17500,-0.0642005
91,29,17500,-0.0633852
91,30,17500,-0.062452
91,31,17500,-0.0614028
91,32,17500,-0.06024
91,33,17500,-0.0589666
91,34,17500,-0.0575858
91,35,17500,-0.0561016
91,36,17500,-0.054518
91,37,17500,-0.0528395
91,38,17500,-0.051071
91,39,17500,-0.0492177
91,40,17500,-0.047285
91,41,17500,-0.0452789
91,42,17500,-0.0432053
91,43,17500,-0.0410705
91,44,17500,-0.038881
91,45,17500,-0.0366437
91,46,17500,-0.0343655
91,47,17500,-0.0320534
91,48,17500,-0.0297148
91,49,17500,-0.027357
91,50,17500,-0.0249875
91,51,17500,-0.0226139
91,52,17500,-0.0202439
91,53,17500,-0.0178851
91,54,17500,-0.0155453
91,55,17500,-0.0132321
91,56,17500,-0.0109532
91,57,17500,-0.00871612
91,58,17500,-0.0065284
91,59,17500,-0.00439736
91,60,17500,-0.00233018
91,61,17500,-0.00033386
91,62,17500,0.00158484
91,63,17500,0.00341943
91,64,17500,0.0051637
91,65,17500,0.00681177
91,66,17500,0.00835815
91,67,17500,0.00979775
91,68,17500,0.0111259
91,69,17500,0.0123385
91,70,17500,0.0134318
91,71,17500,0.0144028
91,72,17500,0.015249
91,73,17500,0.0159685
91,74,17500,0.0165601
91,75,17500,0.0170234
91,76,17500,0.0173585
91,77,17500,0.0175665
91,78,17500,0.0176493
91,79,17500,0.0176094
91,80,17500,0.0174504
91,81,17500,0.0171765
91,82,17500,0.0167931
91,83,17500,0.0163062
91,84,17500,0.0157228
91,85,17500,0.0150509
91,86,17500,0.0142991
91,87,17500,0.013477
91,88,17500,0.0125949
91,89,17500,0.0116639
91,90,17500,0.0106954
91,91,17500,0.00970157
91,92,17500,0.00869472
91,93,17500,0.0076873
91,94,17500,0.00669177
91,95,17500,0.00571948
91,96,17500,0.00478449
91,97,17500,0.00388483
91,98,17500,0.00308365
91,99,17500,0.00214751
91,100,17500,0.00214751
92,0,17500,-0.0529953
92,1,17500,-0.0529953
92,2,17500,-0.0537915
92,3,17500,-0.0545063
92,4,17500,-0.0553269
92,5,17500,-0.056197
92,6,17500,-0.0571144
92,7,17500,-0.0580632
92,8,17500,-0.0590302
92,9,17500,-0.0600014
92,10,17500,-0.0609631
92,11,17500,-0.0619019
92,12,17500,-0.0628052
92,13,17500,-0.0636607
92,14,17500,-0.0644574
92,15,17500,-0.0651847
92,16,17500,-0.0658334
92,17,17500,-0.0663947
92,18,17500,-0.0668613
92,19,17500,-0.0672263
92,20,17500,-0.0674841
92,21,17500,-0.0676298
92,22,17500,-0.0676594
92,23,17500,-0.0675696
92,24,17500,-0.067358
92,25,17500,-0.067023
92,26,17500,-0.0665635
92,27,17500,-0.0659793
92,28,17500,-0.0652706
92,29,17500,-0.0644383
92,30,17500,-0.0634841
92,31,17500,-0.0624098
92,32,17500,-0.061218
92,33,17500,-0.0599118
92,34,17500,-0.0584946
92,35,17500,-0.0569704
92,36,17500,-0.0553434
92,37,17500,-0.0536183
92,38,17500,-0.0518002
92,39,17500,-0.0498944
92,40,17500,-0.0479068
92,41,17500,-0.0458432
92,42,17500,-0.04371
92,43,17500,-0.0415138
92,44,17500,-0.0392612
92,45,17500,-0.0369592
92,46,17500,-0.0346151
92,47,17500,-0.0322363
92,48,17500,-0.0298302
92,49,17500,-0.0274044
92,50,17500,-0.0249668
92,51,17500,-0.0225252
92,52,17500,-0.0200874
92,53,17500,-0.0176615
92,54,17500,-0.0152553
92,55,17500,-0.0128769
92,56,17500,-0.010534
92,57,17500,-0.00823456
92,58,17500,-0.00598624
92,59,17500,-0.00379662
92,60,17500,-0.00167312
92,61,17500,0.000377065
92,62,17500,0.00234696
92,63,17500,0.00422986
92,64,17500,0.00601938
92,65,17500,0.00770947
92,66,17500,0.00929447
92,67,17500,0.0107691
92,68,17500,0.0121287
92,69,17500,0.0133689
92,70,17500,0.014486
92,71,17500,0.0154768
92,72,17500,0.0163387
92,73,17500,0.0170701
92,74,17500,0.0176695
92,75,17500,0.0181368
92,76,17500,0.018472
92,77,17500,0.0186766
92,78,17500,0.0187523
92,79,17500,0.0187022
92,80,17500,0.0185301
92,81,17500,0.0182406
92,82,17500,0.0178395
92,83,17500,0.0173335
92,84,17500,0.0167302
92,85,17500,0.0160384
92,86,17500,0.0152675
92,87,17500,0.0144283
92,88,17500,0.0135321
92,89,17500,0.0125914
92,90,17500,0.0116193
92,91,17500,0.0106294
92,92,17500,0.00963594
92,93,17500,0.00865345
92,94,17500,0.00769653
92,95,17500,0.00677901
92,96,17500,0.00591681
92,97,17500,0.00511351
92,98,17500,0.00442209
92,99,17500,0.00367082
92,100,17500,0.00367082
93,0,17500,-0.0544113
93,1,17500,-0.0544113
93,2,17500,-0.055027
93,3,17500,-0.0556395
93,4,17500,-0.0563737
93,5,17500,-0.0571831
93,6,17500,-0.058059
93,7,17500,-0.0589835
93,8,17500,-0.0599404
93,9,17500,-0.0609131
93,10,17500,-0.0618857
93,11,17500,-0.0628425
93,12,17500,-0.063769
93,13,17500,-0.0646515
93,14,17500,-0.0654772
93,15,17500,-0.0662345
93,16,17500,-0.0669128
93,17,17500,-0.0675027
93,18,17500,-0.0679959
93,19,17500,-0.0683851
93,20,17500,-0.0686638
93,21,17500,-0.0688269
93,22,17500,-0.06887
93,23,17500,-0.0687895
93,24,17500,-0.0685828
93,25,17500,-0.0682481
93,26,17500,-0.0677843
93,27,17500,-0.0671911
93,28,17500,-0.0664686
93,29,17500,-0.065618
93,30,17500,-0.0646407
93,31,17500,-0.0635389
93,32,17500,-0.0623151
93,33,17500,-0.0609727
93,34,17500,-0.0595151
93,35,17500,-0.0579465
93,36,17500,-0.0562713
93,37,17500,-0.0544945
93,38,17500,-0.0526214
93,39,17500,-0.0506574
93,40,17500,-0.0486087
93,41,17500,-0.0464814
93,42,17500,-0.044282
93,43,17500,-0.0420174
93,44,17500,-0.0396945
93,45,17500,-0.0373207
93,46,17500,-0.0349034
93,47,17500,-0.0324502
93,48,17500,-0.029969
93,49,17500,-0.0274675
93,50,17500,-0.024954
93,51,17500,-0.0224364
93,52,17500,-0.019923
93,53,17500,-0.017422
93,54,17500,-0.0149416
93,55,17500,-0.0124901
93,56,17500,-0.0100755
93,57,17500,-0.00770607
93,58,17500,-0.00538967
93,59,17500,-0.00313417
93,60,17500,-0.000947234
93,61,17500,0.00116368
93,62,17500,0.00319135
93,63,17500,0.00512885
93,64,17500,0.00696957
93,65,17500,0.00870726
93,66,17500,0.010336
93,67,17500,0.0118505
93,68,17500,0.0132457
93,69,17500,0.0145172
93,70,17500,0.0156611
93,71,17500,0.0166743
93,72,17500,0.017554
93,73,17500,0.0182984
93,74,17500,0.0189062
93,75,17500,0.0193772
93,76,17500,0.0197116
93,77,17500,0.0199107
93,78,17500,0.0199768
93,79,17500,0.0199129
93,80,17500,0.0197232
93,81,17500,0.0194127
93,82,17500,0.0189875
93,83,17500,0.018455
93,84,17500,0.0178235
93,85,17500,0.0171023
93,86,17500,0.0163021
93,87,17500,0.0154345
93,88,17500,0.0145123
93,89,17500,0.0135492
93,90,17500,0.0125599
93,91,17500,0.01156
93,92,17500,0.0105658
93,93,17500,0.00959396
93,94,17500,0.00866158
93,95,17500,0.00778528
93,96,17500,0.00698317
93,97,17500,0.00626466
93,98,17500,0.0056735
93,99,17500,0.00509851
93,100,17500,0.00509851
94,0,17500,-0.0557052
94,1,17500,-0.0557052
94,2,17500,-0.0561542
94,3,17500,-0.0566772
94,4,17500,-0.05734
94,5,17500,-0.0581041
94,6,17500,-0.0589549
94,7,17500,-0.0598716
94,8,17500,-0.0608348
94,9,17500,-0.0618251
94,10,17500,-0.0628239
94,11,17500,-0.0638135
94,12,17500,-0.0647772
94,13,17500,-0.0656994
94,14,17500,-0.0665659
94,15,17500,-0.0673639
94,16,17500,-0.0680816
94,17,17500,-0.0687087
94,18,17500,-0.0692361
94,19,17500,-0.0696559
94,20,17500,-0.0699611
94,21,17500,-0.0701462
94,22,17500,-0.0702064
94,23,17500,-0.0701381
94,24,17500,-0.0699383
94,25,17500,-0.0696052
94,26,17500,-0.0691376
94,27,17500,-0.0685351
94,28,17500,-0.0677981
94,29,17500,-0.0669276
94,30,17500,-0.0659252
94,31,17500,-0.0647932
94,32,17500,-0.0635343
94,33,17500,-0.062152
94,34,17500,-0.0606499
94,35,17500,-0.0590324
94,36,17500,-0.0573042
94,37,17500,-0.0554704
94,38,17500,-0.0535366
94,39,17500,-0.0515084
94,40,17500,-0.0493923
94,41,17500,-0.0471946
94,42,17500,-0.0449223
94,43,17500,-0.0425822
94,44,17500,-0.0401819
94,45,17500,-0.0377288
94,46,17500,-0.0352306
94,47,17500,-0.0326953
94,48,17500,-0.0301309
94,49,17500,-0.0275458
94,50,17500,-0.0249482
94,51,17500,-0.0223466
94,52,17500,-0.0197494
94,53,17500,-0.0171651
94,54,17500,-0.0146024
94,55,17500,-0.0120697
94,56,17500,-0.00957547
94,57,17500,-0.0071281
94,58,17500,-0.00473589
94,59,17500,-0.00240695
94,60,17500,-0.000149243
94,61,17500,0.00202949
94,62,17500,0.00412177
94,63,17500,0.00612038
94,64,17500,0.00801845
94,65,17500,0.00980949
94,66,17500,0.0114874
94,67,17500,0.0130465
94,68,17500,0.0144817
94,69,17500,0.0157883
94,70,17500,0.0169624
94,71,17500,0.0180005
94,72,17500,0.0188999
94,73,17500,0.0196586
94,74,17500,0.0202753
94,75,17500,0.0207496
94,76,17500,0.021082
94,77,17500,0.0212737
94,78,17500,0.0213272
94,79,17500,0.0212456
94,80,17500,0.0210333
94,81,17500,0.0206958
94,82,17500,0.0202397
94,83,17500,0.0196726
94,84,17500,0.0190036
94,85,17500,0.0182429
94,86,17500,0.017402
94,87,17500,0.0164935
94,88,17500,0.0155317
94,89,17500,0.0145317
94,90,17500,0.01351
94,91,17500,0.0124842
94,92,17500,0.0114727
94,93,17500,0.0104948
94,94,17500,0.00957029
94,95,17500,0.00871879
94,96,17500,0.00796102
94,97,17500,0.00731228
94,98,17500,0.00680829
94,99,17500,0.00639521
94,100,17500,0.00639521
95,0,17500,-0.0568367
95,1,17500,-0.0568367
95,2,17500,-0.0571405
95,3,17500,-0.0575913
95,4,17500,-0.0582016
95,5,17500,-0.0589397
95,6,17500,-0.059785
95,7,17500,-0.0607135
95,8,17500,-0.0617023
95,9,17500,-0.062729
95,10,17500,-0.063772
95,11,17500,-0.0648112
95,12,17500,-0.0658277
95,13,17500,-0.0668041
95,14,17500,-0.0677247
95,15,17500,-0.0685753
95,16,17500,-0.069343
95,17,17500,-0.0700167
95,18,17500,-0.0705865
95,19,17500,-0.0710439
95,20,17500,-0.0713817
95,21,17500,-0.0715937
95,22,17500,-0.071675
95,23,17500,-0.0716217
95,24,17500,-0.071431
95,25,17500,-0.0711007
95,26,17500,-0.0706297
95,27,17500,-0.0700178
95,28,17500,-0.0692653
95,29,17500,-0.0683733
95,30,17500,-0.0673436
95,31,17500,-0.0661786
95,32,17500,-0.0648813
95,33,17500,-0.0634552
95,34,17500,-0.0619043
95,35,17500,-0.0602331
95,36,17500,-0.0584467
95,37,17500,-0.0565503
95,38,17500,-0.0545497
95,39,17500,-0.0524511
95,40,17500,-0.050261
95,41,17500,-0.047986
95,42,17500,-0.0456335
95,43,17500,-0.0432106
95,44,17500,-0.0407251
95,45,17500,-0.0381847
95,46,17500,-0.0355976
95,47,17500,-0.032972
95,48,17500,-0.0303163
95,49,17500,-0.027639
95,50,17500,-0.0249489
95,51,17500,-0.0222546
95,52,17500,-0.019565
95,53,17500,-0.016889
95,54,17500,-0.0142353
95,55,17500,-0.0116129
95,56,17500,-0.0090306
95,57,17500,-0.00649704
95,58,17500,-0.00402085
95,59,17500,-0.00161051
95,60,17500,0.000725716
95,61,17500,0.00297977
95,62,17500,0.00514384
95,63,17500,0.00721043
95,64,17500,0.00917237
95,65,17500,0.0110229
95,66,17500,0.0127555
95,67,17500,0.0143645
95,68,17500,0.0158443
95,69,17500,0.0171901
95,70,17500,0.0183977
95,71,17500,0.0194635
95,72,17500,0.0203846
95,73,17500,0.0211589
95,74,17500,0.0217849
95,75,17500,0.0222623
95,76,17500,0.0225914
95,77,17500,0.0227735
95,78,17500,0.0228111
95,79,17500,0.0227075
95,80,17500,0.0224674
95,81,17500,0.0220965
95,82,17500,0.0216016
95,83,17500,0.0209911
95,84,17500,0.0202746
95,85,17500,0.0194629
95,86,17500,0.0185686
95,87,17500,0.0176055
95,88,17500,0.0165888
95,89,17500,0.0155356
95,90,17500,0.0144641
95,91,17500,0.0133939
95,92,17500,0.012346
95,93,17500,0.0113425
95,94,17500,0.010406
95,95,17500,0.00955959
95,96,17500,0.00882693
95,97,17500,0.00822899
95,98,17500,0.00779489
95,99,17500,0.00752187
95,100,17500,0.00752187
96,0,17500,-0.0577635
96,1,17500,-0.0577635
96,2,17500,-0.0579526
96,3,17500,-0.0583527
96,4,17500,-0.0589335
96,5,17500,-0.0596683
96,6,17500,-0.0605307
96,7,17500,-0.0614934
96,8,17500,-0.0625297
96,9,17500,-0.0636136
96,10,17500,-0.0647206
96,11,17500,-0.0658278
96,12,17500,-0.0669141
96,13,17500,-0.0679602
96,14,17500,-0.0689488
96,15,17500,-0.0698644
96,16,17500,-0.0706933
96,17,17500,-0.0714232
96,18,17500,-0.0720439
96,19,17500,-0.0725461
96,20,17500,-0.0729223
96,21,17500,-0.0731662
96,22,17500,-0.0732725
96,23,17500,-0.0732373
96,24,17500,-0.0730576
96,25,17500,-0.0727314
96,26,17500,-0.0722575
96,27,17500,-0.0716358
96,28,17500,-0.0708668
96,29,17500,-0.0699516
96,30,17500,-0.0688924
96,31,17500,-0.0676917
96,32,17500,-0.0663526
96,33,17500,-0.0648789
96,34,17500,-0.0632749
96,35,17500,-0.0615454
96,36,17500,-0.0596956
96,37,17500,-0.0577311
96,38,17500,-0.055658
96,39,17500,-0.0534827
96,40,17500,-0.0512121
96,41,17500,-0.0488531
96,42,17500,-0.0464134
96,43,17500,-0.0439004
96,44,17500,-0.0413222
96,45,17500,-0.038687
96,46,17500,-0.0360031
96,47,17500,-0.0332792
96,48,17500,-0.030524
96,49,17500,-0.0277464
96,50,17500,-0.0249554
96,51,17500,-0.0221601
96,52,17500,-0.0193697
96,53,17500,-0.0165935
96,54,17500,-0.0138405
96,55,17500,-0.0111201
96,56,17500,-0.00844144
96,57,17500,-0.00581354
96,58,17500,-0.0032454
96,59,17500,-0.000745834
96,60,17500,0.00167653
96,61,17500,0.00401326
96,62,17500,0.00625623
96,63,17500,0.00839757
96,64,17500,0.0104298
96,65,17500,0.0123457
96,66,17500,0.0141388
96,67,17500,0.0158026
96,68,17500,0.0173316
96,69,17500,0.0187207
96,70,17500,0.0199652
96,71,17500,0.0210615
96,72,17500,0.0220064
96,73,17500,0.0227975
96,74,17500,0.0234334
96,75,17500,0.0239134
96,76,17500,0.0242379
96,77,17500,0.0244082
96,78,17500,0.0244266
96,79,17500,0.0242968
96,80,17500,0.0240234
96,81,17500,0.0236124
96,82,17500,0.023071
96,83,17500,0.0224079
96,84,17500,0.0216333
96,85,17500,0.0207588
96,86,17500,0.0197978
96,87,17500,0.0187651
96,88,17500,0.0176775
96,89,17500,0.0165534
96,90,17500,0.015413
96,91,17500,0.0142783
96,92,17500,0.0131728
96,93,17500,0.0121215
96,94,17500,0.0111506
96,95,17500,0.0102867
96,96,17500,0.0095568
96,97,17500,0.008987
96,98,17500,0.00860143
96,99,17500,0.00843772
96,100,17500,0.00843772
97,0,17500,-0.0584428
97,1,17500,-0.0584428
97,2,17500,-0.0585569
97,3,17500,-0.0589323
97,4,17500,-0.0595116
97,5,17500,-0.0602713
97,6,17500,-0.0611797
97,7,17500,-0.0622054
97,8,17500,-0.0633172
97,9,17500,-0.0644852
97,10,17500,-0.0656813
97,11,17500,-0.0668799
97,12,17500,-0.0680575
97,13,17500,-0.0691928
97,14,17500,-0.070267
97,15,17500,-0.0712633
97,16,17500,-0.0721671
97,17,17500,-0.0729654
97,18,17500,-0.0736473
97,19,17500,-0.0742032
97,20,17500,-0.0746253
97,21,17500,-0.074907
97,22,17500,-0.0750431
97,23,17500,-0.0750295
97,24,17500,-0.0748632
97,25,17500,-0.0745423
97,26,17500,-0.0740658
97,27,17500,-0.0734337
97,28,17500,-0.0726466
97,29,17500,-0.071706
97,30,17500,-0.0706141
97,31,17500,-0.0693737
97,32,17500,-0.0679883
97,33,17500,-0.0664619
97,34,17500,-0.064799
97,35,17500,-0.0630048
97,36,17500,-0.0610847
97,37,17500,-0.0590447
97,38,17500,-0.0568913
97,39,17500,-0.0546311
97,40,17500,-0.0522713
97,41,17500,-0.0498193
97,42,17500,-0.0472829
97,43,17500,-0.0446701
97,44,17500,-0.0419893
97,45,17500,-0.039249
97,46,17500,-0.0364579
97,47,17500,-0.0336251
97,48,17500,-0.0307596
97,49,17500,-0.0278707
97,50,17500,-0.0249678
97,51,17500,-0.0220604
97,52,17500,-0.019158
97,53,17500,-0.0162704
97,54,17500,-0.0134071
97,55,17500,-0.0105776
97,56,17500,-0.00779168
97,57,17500,-0.00505867
97,58,17500,-0.00238799
97,59,17500,0.000211145
97,60,17500,0.0027297
97,61,17500,0.00515887
97,62,17500,0.00749009
97,63,17500,0.00971513
97,64,17500,0.0118261
97,65,17500,0.0138155
97,66,17500,0.0156762
97,67,17500,0.0174018
97,68,17500,0.0189861
97,69,17500,0.0204237
97,70,17500,0.0217098
97,71,17500,0.0228402
97,72,17500,0.0238116
97,73,17500,0.0246214
97,74,17500,0.0252679
97,75,17500,0.0257503
97,76,17500,0.0260688
97,77,17500,0.0262246
97,78,17500,0.02622
97,79,17500,0.0260586
97,80,17500,0.0257452
97,81,17500,0.0252859
97,82,17500,0.0246881
97,83,17500,0.0239611
97,84,17500,0.0231153
97,85,17500,0.0221631
97,86,17500,0.0211186
97,87,17500,0.0199978
97,88,17500,0.0188187
97,89,17500,0.0176014
97,90,17500,0.016368
97,91,17500,0.0151429
97,92,17500,0.0139526
97,93,17500,0.0128255
97,94,17500,0.0117915
97,95,17500,0.0108817
97,96,17500,0.0101268
97,97,17500,0.00955781
97,98,17500,0.00919544
97,99,17500,0.00910173
97,100,17500,0.00910173
98,0,17500,-0.0588494
98,1,17500,-0.0588494
98,2,17500,-0.0589329
98,3,17500,-0.059308
98,4,17500,-0.0599105
98,5,17500,-0.0607183
98,6,17500,-0.061695
98,7,17500,-0.0628045
98,8,17500,-0.0640108
98,9,17500,-0.06528
98,10,17500,-0.0665805
98,11,17500,-0.0678838
98,12,17500,-0.0691641
98,13,17500,-0.0703984
98,14,17500,-0.0715665
98,15,17500,-0.0726506
98,16,17500,-0.0736352
98,17,17500,-0.0745068
98,18,17500,-0.0752539
98,19,17500,-0.0758668
98,20,17500,-0.0763373
98,21,17500,-0.0766589
98,22,17500,-0.0768263
98,23,17500,-0.0768354
98,24,17500,-0.0766834
98,25,17500,-0.0763684
98,26,17500,-0.0758896
98,27,17500,-0.0752472
98,28,17500,-0.074442
98,29,17500,-0.0734758
98,30,17500,-0.072351
98,31,17500,-0.0710706
98,32,17500,-0.0696385
98,33,17500,-0.0680589
98,34,17500,-0.0663367
98,35,17500,-0.0644772
98,36,17500,-0.0624863
98,37,17500,-0.0603704
98,38,17500,-0.058136
98,39,17500,-0.0557903
98,40,17500,-0.0533408
98,41,17500,-0.0507951
98,42,17500,-0.0481616
98,43,17500,-0.0454484
98,44,17500,-0.0426644
98,45,17500,-0.0398183
98,46,17500,-0.0369193
98,47,17500,-0.0339768
98,48,17500,-0.0310002
98,49,17500,-0.0279993
98,50,17500,-0.0249837
98,51,17500,-0.0219633
98,52,17500,-0.0189481
98,53,17500,-0.0159482
98,54,17500,-0.0129735
98,55,17500,-0.010034
98,56,17500,-0.00713965
98,57,17500,-0.00430043
98,58,17500,-0.00152606
98,59,17500,0.00117383
98,60,17500,0.00378978
98,61,17500,0.00631259
98,62,17500,0.0087333
98,63,17500,0.0110433
98,64,17500,0.0132342
98,65,17500,0.0152982
98,66,17500,0.0172278
98,67,17500,0.0190161
98,68,17500,0.0206567
98,69,17500,0.0221437
98,70,17500,0.023472
98,71,17500,0.0246372
98,72,17500,0.0256356
98,73,17500,0.0264644
98,74,17500,0.0271215
98,75,17500,0.0276059
98,76,17500,0.0279177
98,77,17500,0.028058
98,78,17500,0.0280289
98,79,17500,0.027834
98,80,17500,0.0274781
98,81,17500,0.0269673
98,82,17500,0.0263094
98,83,17500,0.0255137
98,84,17500,0.0245911
98,85,17500,0.0235546
98,86,17500,0.0224189
98,87,17500,0.0212009
98,88,17500,0.0199198
98,89,17500,0.0185972
98,90,17500,0.017257
98,91,17500,0.0159259
98,92,17500,0.0146334
98,93,17500,0.0134114
98,94,17500,0.0122937
98,95,17500,0.0113162
98,96,17500,0.0105139
98,97,17500,0.00992191
98,98,17500,0.00955935
98,99,17500,0.00949217
98,100,17500,0.00949217
99,0,17500,-0.0589339
99,1,17500,-0.0589339
99,2,17500,-0.0590179
99,3,17500,-0.0594246
99,4,17500,-0.060103
99,5,17500,-0.0610259
99,6,17500,-0.0621473
99,7,17500,-0.0634213
99,8,17500,-0.0648036
99,9,17500,-0.0662535
99,10,17500,-0.0677345
99,11,17500,-0.069214
99,12,17500,-0.0706636
99,13,17500,-0.0720582
99,14,17500,-0.0733761
99,15,17500,-0.0745983
99,16,17500,-0.0757086
99,17,17500,-0.0766931
99,18,17500,-0.07754
99,19,17500,-0.0782394
99,20,17500,-0.0787832
99,21,17500,-0.0791647
99,22,17500,-0.0793789
99,23,17500,-0.079422
99,24,17500,-0.0792912
99,25,17500,-0.0789852
99,26,17500,-0.0785034
99,27,17500,-0.0778463
99,28,17500,-0.0770151
99,29,17500,-0.076012
99,30,17500,-0.0748397
99,31,17500,-0.0735019
99,32,17500,-0.0720026
99,33,17500,-0.0703467
99,34,17500,-0.0685393
99,35,17500,-0.0665864
99,36,17500,-0.0644943
99,37,17500,-0.0622696
99,38,17500,-0.0599195
99,39,17500,-0.0574517
99,40,17500,-0.0548739
99,41,17500,-0.0521946
99,42,17500,-0.0494223
99,43,17500,-0.0465658
99,44,17500,-0.0436344
99,45,17500,-0.0406373
99,46,17500,-0.0375844
99,47,17500,-0.0344853
99,48,17500,-0.0313501
99,49,17500,-0.0281889
99,50,17500,-0.0250122
99,51,17500,-0.0218303
99,52,17500,-0.0186536
99,53,17500,-0.0154929
99,54,17500,-0.0123585
99,55,17500,-0.00926117
99,56,17500,-0.00621137
99,57,17500,-0.00321957
99,58,17500,-0.000296127
99,59,17500,0.00254874
99,60,17500,0.005305
99,61,17500,0.00796284
99,62,17500,0.0105127
99,63,17500,0.0129454
99,64,17500,0.015252
99,65,17500,0.0174241
99,66,17500,0.0194536
99,67,17500,0.021333
99,68,17500,0.0230554
99,69,17500,0.0246144
99,70,17500,0.0260043
99,71,17500,0.0272203
99,72,17500,0.028258
99,73,17500,0.0291143
99,74,17500,0.0297867
99,75,17500,0.0302738
99,76,17500,0.0305752
99,77,17500,0.0306919
99,78,17500,0.0306257
99,79,17500,0.0303799
99,80,17500,0.0299592
99,81,17500,0.0293698
99,82,17500,0.0286195
99,83,17500,0.0277176
99,84,17500,0.0266755
99,85,17500,0.0255065
99,86,17500,0.0242261
99,87,17500,0.0228522
99,88,17500,0.0214051
99,89,17500,0.0199081
99,90,17500,0.0183875
99,91,17500,0.016873
99,92,17500,0.0153979
99,93,17500,0.0139994
99,94,17500,0.0127181
99,95,17500,0.011598
99,96,17500,0.0106838
99,97,17500,0.0100195
99,98,17500,0.00962871
99,99,17500,0.00956072
99,100,17500,0.00956072
100,0,17500,-0.0589339
100,1,17500,-0.0589339
100,2,17500,-0.0590179
100,3,17500,-0.0594246
100,4,17500,-0.060103
100,5,17500,-0.0610259
100,6,17500,-0.0621473
100,7,17500,-0.0634213
100,8,17500,-0.0648036
100,9,17500,-0.0662535
100,10,17500,-0.0677345
100,11,17500,-0.069214
100,12,17500,-0.0706636
100,13,17500,-0.0720582
100,14,17500,-0.0733761
100,15,17500,-0.0745983
100,16,17500,-0.0757086
100,17,17500,-0.0766931
100,18,17500,-0.07754
100,19,17500,-0.0782394
100,20,17500,-0.0787832
100,21,17500,-0.0791647
100,22,17500,-0.0793789
100,23,17500,-0.079422
100,24,17500,-0.0792912
100,25,17500,-0.0789852
100,26,17500,-0.0785034
100,27,17500,-0.0778463
100,28,17500,-0.0770151
100,29,17500,-0.076012
100,30,17500,-0.0748397
100,31,17500,-0.0735019
100,32,17500,-0.0720026
100,33,17500,-0.0703467
100,34,17500,-0.0685393
100,35,17500,-0.0665864
100,36,17500,-0.0644943
100,37,17500,-0.0622696
100,38,17500,-0.0599195
100,39,17500,-0.0574517
100,40,17500,-0.0548739
100,41,17500,-0.0521946
100,42,17500,-0.0494223
100,43,17500,-0.0465658
100,44,17500,-0.0436344
100,45,17500,-0.0406373
100,46,17500,-0.0375844
100,47,17500,-0.0344853
100,48,17500,-0.0313501
100,49,17500,-0.0281889
100,50,17500,-0.0250122
100,51,17500,-0.0218303
100,52,17500,-0.0186536
100,53,17500,-0.0154929
100,54,17500,-0.0123585
100,55,17500,-0.00926117
100,56,17500,-0.00621137
100,57,17500,-0.00321957
100,58,17500,-0.000296127
100,59,17500,0.00254874
100,60,17500,0.005305
100,61,17500,0.00796284
100,62,17500,0.0105127
100,63,17500,0.0129454
100,64,17500,0.015252
100,65,17500,0.0174241
100,66,17500,0.0194536
100,67,17500,0.021333
100,68,17500,0.0230554
100,69,17500,0.0246144
100,70,17500,0.0260043
100,71,17500,0.0272203
100,72,17500,0.028258
100,73,17500,0.0291143
100,74,17500,0.0297867
100,75,17500,0.0302738
100,76,17500,0.0305752
100,77,17500,0.0306919
100,78,17500,0.0306257
100,79,17500,0.0303799
100,80,17500,0.0299592
100,81,17500,0.0293698
100,82,17500,0.0286195
100,83,17500,0.0277176
100,84,17500,0.0266755
100,85,17500,0.0255065
100,86,17500,0.0242261
100,87,17500,0.0228522
100,88,17500,0.0214051
100,89,17500,0.0199081
100,90,17500,0.0183875
100,91,17500,0.016873
100,92,17500,0.0153979
100,93,17500,0.0139994
100,94,17500,0.0127181
100,95,17500,0.011598
100,96,17500,0.0106838
100,97,17500,0.0100195
100,98,17500,0.00962871
100,99,17500,0.00956072
100,100,17500,0.00956072
